0 0 0
0.2 198.443 -0.00394566
0.4 396.574 -0.0016838
0.6 594.389 0.00675961
0.8 791.886 0.021359
1 989.062 0.0420891
1.2 1185.91 0.0689251
1.4 1382.44 0.101843
1.6 1578.64 0.140817
1.8 1774.5 0.185826
2 1970.03 0.236844
2.2 2165.23 0.29385
2.4 2360.09 0.356819
2.6 2554.61 0.425731
2.8 2748.78 0.500562
3 2942.61 0.581291
3.2 3136.1 0.667896
3.4 3329.23 0.760356
3.6 3522.02 0.85865
3.8 3714.45 0.962758
4 3906.53 1.07266
4.2 4098.26 1.18833
4.4 4289.62 1.30976
4.6 4480.63 1.43692
4.8 4671.28 1.56979
5 4861.56 1.70836
5.2 5051.48 1.85261
5.4 5241.04 2.00251
5.6 5430.23 2.15805
5.8 5619.05 2.31921
6 5807.5 2.48597
6.2 5995.59 2.65832
6.4 6183.3 2.83624
6.6 6370.64 3.01971
6.8 6557.6 3.20871
7 6744.19 3.40322
7.2 6930.41 3.60324
7.4 7116.24 3.80873
7.6 7301.7 4.0197
7.8 7486.78 4.23611
8 7671.48 4.45796
8.2 7855.8 4.68522
8.4 8039.74 4.91789
8.6 8223.3 5.15595
8.8 8406.47 5.39937
9 8589.26 5.64815
9.2 8771.66 5.90227
9.4 8953.68 6.16172
9.6 9135.31 6.42648
9.8 9316.56 6.69654
10 9497.42 6.97187
10.2 9677.89 7.25248
10.4 9857.97 7.53833
10.6 10037.7 7.82943
10.8 10217 8.12575
11 10395.9 8.42728
11.2 10574.4 8.73401
11.4 10752.5 9.04592
11.6 10930.3 9.363
11.8 11107.6 9.68524
12 11284.6 10.0126
12.2 11461.1 10.3451
12.4 11637.3 10.6827
12.6 11813.1 11.0255
12.8 11988.5 11.3733
13 12163.4 11.7262
13.2 12338 12.0841
13.4 12512.2 12.4471
13.6 12686 12.8152
13.8 12859.5 13.1883
14 13032.5 13.5663
14.2 13205.1 13.9494
14.4 13377.3 14.3375
14.6 13549.1 14.7306
14.8 13720.6 15.1286
15 13891.6 15.5315
15.2 14062.2 15.9394
15.4 14232.5 16.3523
15.6 14402.3 16.77
15.8 14571.8 17.1926
16 14740.8 17.6202
16.2 14909.5 18.0526
16.4 15077.7 18.4899
16.6 15245.6 18.932
16.8 15413 19.379
17 15580.1 19.8308
17.2 15746.7 20.2874
17.4 15913 20.7489
17.6 16078.9 21.2151
17.8 16244.4 21.6861
18 16409.4 22.1619
18.2 16574.1 22.6425
18.4 16738.4 23.1278
18.6 16902.3 23.6178
18.8 17065.7 24.1126
19 17228.8 24.6121
19.2 17391.5 25.1163
19.4 17553.8 25.6252
19.6 17715.7 26.1388
19.8 17877.2 26.657
20 18038.3 27.1799
20.2 18199 27.7075
20.4 18359.3 28.2397
20.6 18519.2 28.7765
20.8 18678.7 29.3179
21 18837.8 29.8639
21.2 18996.5 30.4146
21.4 19154.8 30.9698
21.6 19312.7 31.5295
21.8 19470.3 32.0939
22 19627.4 32.6628
22.2 19784.1 33.2362
22.4 19940.4 33.8141
22.6 20096.4 34.3966
22.8 20251.9 34.9836
23 20407 35.575
23.2 20561.8 36.171
23.4 20716.1 36.7714
23.6 20870.1 37.3763
23.8 21023.6 37.9856
24 21176.8 38.5994
24.2 21329.5 39.2176
24.4 21481.9 39.8402
24.6 21633.9 40.4672
24.8 21785.4 41.0986
25 21936.6 41.7344
25.2 22087.4 42.3745
25.4 22237.8 43.0191
25.6 22387.7 43.6679
25.8 22537.3 44.3211
26 22686.5 44.9787
26.2 22835.3 45.6405
26.4 22983.7 46.3067
26.6 23131.7 46.9772
26.8 23279.4 47.6519
27 23426.6 48.3309
27.2 23573.4 49.0142
27.4 23719.8 49.7017
27.6 23865.9 50.3935
27.8 24011.5 51.0895
28 24156.7 51.7897
28.2 24301.6 52.4942
28.4 24446.1 53.2028
28.6 24590.1 53.9156
28.8 24733.8 54.6326
29 24877.1 55.3538
29.2 25019.9 56.0791
29.4 25162.4 56.8085
29.6 25304.5 57.5421
29.8 25446.2 58.2798
30 25587.5 59.0216
30.2 25728.4 59.7675
30.4 25868.9 60.5175
30.6 26009 61.2715
30.8 26148.8 62.0297
31 26288.1 62.7919
31.2 26427 63.5581
31.4 26565.6 64.3283
31.6 26703.8 65.1026
31.8 26841.5 65.8809
32 26978.9 66.6632
32.2 27115.9 67.4495
32.4 27252.4 68.2397
32.6 27388.6 69.0339
32.8 27524.4 69.8321
33 27659.8 70.6342
33.2 27794.8 71.4402
33.4 27929.5 72.2502
33.6 28063.7 73.0641
33.8 28197.5 73.8818
34 28331 74.7035
34.2 28464 75.529
34.4 28596.7 76.3584
34.6 28728.9 77.1917
34.8 28860.8 78.0288
35 28992.3 78.8697
35.2 29123.3 79.7144
35.4 29254 80.563
35.6 29384.3 81.4153
35.8 29514.3 82.2715
36 29643.8 83.1314
36.2 29772.9 83.9951
36.4 29901.6 84.8625
36.6 30030 85.7337
36.8 30157.9 86.6085
37 30285.5 87.4872
37.2 30412.6 88.3695
37.4 30539.4 89.2555
37.6 30665.8 90.1452
37.8 30791.8 91.0386
38 30917.4 91.9356
38.2 31042.6 92.8363
38.4 31167.4 93.7407
38.6 31291.8 94.6486
38.8 31415.8 95.5602
39 31539.5 96.4754
39.2 31662.7 97.3942
39.4 31785.6 98.3165
39.6 31908 99.2425
39.8 32030.1 100.172
40 32151.8 101.105
40.2 32273.1 102.042
40.4 32394 102.982
40.6 32514.5 103.925
40.8 32634.6 104.872
41 32754.3 105.823
41.2 32873.7 106.777
41.4 32992.6 107.735
41.6 33111.1 108.696
41.8 33229.3 109.66
42 33347.1 110.628
42.2 33464.4 111.599
42.4 33581.4 112.574
42.6 33698 113.552
42.8 33814.2 114.534
43 33930 115.519
43.2 34045.4 116.507
43.4 34160.4 117.499
43.6 34275.1 118.494
43.8 34389.3 119.492
44 34503.2 120.494
44.2 34616.6 121.499
44.4 34729.7 122.507
44.6 34842.4 123.518
44.8 34954.6 124.533
45 35066.5 125.551
45.2 35178 126.573
45.4 35289.1 127.597
45.6 35399.9 128.625
45.8 35510.2 129.656
46 35620.1 130.69
46.2 35729.7 131.728
46.4 35838.8 132.768
46.6 35947.6 133.812
46.8 36055.9 134.859
47 36163.9 135.909
47.2 36271.5 136.962
47.4 36378.7 138.019
47.6 36485.5 139.078
47.8 36591.9 140.141
48 36697.9 141.206
48.2 36803.5 142.275
48.4 36908.8 143.347
48.6 37013.6 144.422
48.8 37118 145.5
49 37222.1 146.58
49.2 37325.8 147.664
49.4 37429 148.751
49.6 37531.9 149.841
49.8 37634.4 150.934
50 37736.5 152.03
50.2 37838.2 153.129
50.4 37939.5 154.231
50.6 38040.4 155.336
50.8 38141 156.444
51 38241.1 157.554
51.2 38340.9 158.668
51.4 38440.2 159.784
51.6 38539.2 160.904
51.8 38637.7 162.026
52 38735.9 163.151
52.2 38833.7 164.279
52.4 38931.1 165.41
52.6 39028.1 166.543
52.8 39124.7 167.68
53 39220.9 168.819
53.2 39316.7 169.961
53.4 39412.2 171.106
53.6 39507.2 172.253
53.8 39601.9 173.404
54 39696.1 174.557
54.2 39790 175.712
54.4 39883.4 176.871
54.6 39976.5 178.032
54.8 40069.2 179.196
55 40161.5 180.363
55.2 40253.4 181.532
55.4 40344.9 182.704
55.6 40436 183.879
55.8 40526.8 185.056
56 40617.1 186.236
56.2 40707 187.418
56.4 40796.6 188.604
56.6 40885.7 189.791
56.8 40974.5 190.982
57 41062.9 192.175
57.2 41150.8 193.37
57.4 41238.4 194.568
57.6 41325.6 195.769
57.8 41412.4 196.972
58 41498.8 198.177
58.2 41584.8 199.385
58.4 41670.5 200.596
58.6 41755.7 201.809
58.8 41840.5 203.025
59 41925 204.243
59.2 42009 205.463
59.4 42092.7 206.686
59.6 42176 207.911
59.8 42258.8 209.139
60 42341.3 210.369
60.2 42423.4 211.602
60.4 42505.1 212.837
60.6 42586.4 214.074
60.8 42667.3 215.314
61 42747.8 216.556
61.2 42828 217.8
61.4 42907.7 219.047
61.6 42987 220.295
61.8 43066 221.547
62 43144.5 222.8
62.2 43222.7 224.056
62.4 43300.5 225.314
62.6 43377.8 226.575
62.8 43454.8 227.837
63 43531.4 229.102
63.2 43607.6 230.369
63.4 43683.4 231.638
63.6 43758.8 232.91
63.8 43833.9 234.183
64 43908.5 235.459
64.2 43982.7 236.737
64.4 44056.6 238.017
64.6 44130 239.299
64.8 44203.1 240.584
65 44275.7 241.87
65.2 44348 243.159
65.4 44419.9 244.45
65.6 44491.4 245.742
65.8 44562.5 247.037
66 44633.2 248.334
66.2 44703.5 249.633
66.4 44773.4 250.934
66.6 44842.9 252.237
66.8 44912.1 253.542
67 44980.8 254.849
67.2 45049.1 256.158
67.4 45117.1 257.469
67.6 45184.6 258.782
67.8 45251.8 260.097
68 45318.6 261.414
68.2 45385 262.733
68.4 45451 264.054
68.6 45516.6 265.376
68.8 45581.8 266.701
69 45646.6 268.027
69.2 45711 269.356
69.4 45775 270.686
69.6 45838.6 272.018
69.8 45901.9 273.352
70 45964.7 274.688
70.2 46027.2 276.025
70.4 46089.2 277.364
70.6 46150.9 278.706
70.8 46212.2 280.049
71 46273.1 281.393
71.2 46333.6 282.74
71.4 46393.7 284.088
71.6 46453.4 285.438
71.8 46512.7 286.79
72 46571.6 288.143
72.2 46630.1 289.498
72.4 46688.3 290.855
72.6 46746 292.213
72.8 46803.3 293.574
73 46860.3 294.936
73.2 46916.9 296.299
73.4 46973 297.664
73.6 47028.8 299.031
73.8 47084.2 300.399
74 47139.2 301.769
74.2 47193.8 303.141
74.4 47248 304.514
74.6 47301.8 305.889
74.8 47355.3 307.265
75 47408.3 308.643
75.2 47460.9 310.022
75.4 47513.2 311.403
75.6 47565 312.785
75.8 47616.5 314.169
76 47667.6 315.555
76.2 47718.2 316.942
76.4 47768.5 318.33
76.6 47818.4 319.72
76.8 47867.9 321.111
77 47917 322.504
77.2 47965.7 323.898
77.4 48014 325.293
77.6 48062 326.69
77.8 48109.5 328.088
78 48156.6 329.488
78.2 48203.4 330.889
78.4 48249.8 332.291
78.6 48295.7 333.695
78.8 48341.3 335.1
79 48386.5 336.507
79.2 48431.3 337.914
79.4 48475.7 339.323
79.6 48519.7 340.734
79.8 48563.3 342.145
80 48606.5 343.558
80.2 48649.3 344.972
80.4 48691.8 346.387
80.6 48733.8 347.804
80.8 48775.5 349.222
81 48816.7 350.641
81.2 48857.6 352.061
81.4 48898 353.482
81.6 48938.1 354.905
81.8 48977.8 356.328
82 49017.1 357.753
82.2 49056 359.179
82.4 49094.5 360.606
82.6 49132.6 362.034
82.8 49170.4 363.464
83 49207.7 364.894
83.2 49244.6 366.326
83.4 49281.2 367.758
83.6 49317.4 369.192
83.8 49353.1 370.626
84 49388.5 372.062
84.2 49423.5 373.499
84.4 49458.1 374.936
84.6 49492.3 376.375
84.8 49526.1 377.815
85 49559.5 379.256
85.2 49592.5 380.697
85.4 49625.1 382.14
85.6 49657.4 383.583
85.8 49689.2 385.028
86 49720.6 386.473
86.2 49751.7 387.92
86.4 49782.4 389.367
86.6 49812.6 390.815
86.8 49842.5 392.264
87 49872 393.714
87.2 49901.1 395.164
87.4 49929.8 396.616
87.6 49958.1 398.068
87.8 49986 399.522
88 50013.6 400.976
88.2 50040.7 402.43
88.4 50067.4 403.886
88.6 50093.8 405.342
88.8 50119.8 406.799
89 50145.3 408.257
89.2 50170.5 409.716
89.4 50195.3 411.175
89.6 50219.7 412.635
89.8 50243.7 414.096
90 50267.3 415.557
90.2 50290.5 417.019
90.4 50313.3 418.482
90.6 50335.7 419.946
90.8 50357.8 421.41
91 50379.4 422.875
91.2 50400.7 424.34
91.4 50421.5 425.806
91.6 50442 427.272
91.8 50462.1 428.74
92 50481.7 430.207
92.2 50501 431.676
92.4 50519.9 433.145
92.6 50538.4 434.614
92.8 50556.5 436.084
93 50574.3 437.554
93.2 50591.6 439.025
93.4 50608.5 440.497
93.6 50625.1 441.969
93.8 50641.2 443.441
94 50657 444.914
94.2 50672.3 446.387
94.4 50687.3 447.861
94.6 50701.9 449.336
94.8 50716.1 450.81
95 50729.9 452.285
95.2 50743.3 453.761
95.4 50756.3 455.237
95.6 50768.9 456.713
95.8 50781.2 458.189
96 50793 459.666
96.2 50804.4 461.143
96.4 50815.5 462.621
96.6 50826.1 464.099
96.8 50836.4 465.577
97 50846.3 467.056
97.2 50855.8 468.534
97.4 50864.9 470.014
97.6 50873.6 471.493
97.8 50881.9 472.972
98 50889.8 474.452
98.2 50897.3 475.932
98.4 50904.4 477.412
98.6 50911.1 478.893
98.8 50917.5 480.373
99 50923.4 481.854
99.2 50929 483.335
99.4 50934.2 484.816
99.6 50938.9 486.298
99.8 50943.3 487.779
100 50947.3 489.261
100.2 50950.9 490.742
100.4 50954.1 492.224
100.6 50956.9 493.706
100.8 50959.3 495.188
101 50961.4 496.67
101.2 50963 498.152
101.4 50964.2 499.634
101.6 50965.1 501.116
101.8 50965.5 502.598
102 50965.6 504.08
102.2 50965.3 505.562
102.4 50964.5 507.044
102.6 50963.4 508.526
102.8 50961.9 510.008
103 50960 511.49
103.2 50957.7 512.972
103.4 50955.1 514.454
103.6 50952 515.936
103.8 50948.5 517.417
104 50944.6 518.899
104.2 50940.4 520.38
104.4 50935.7 521.862
104.6 50930.7 523.343
104.8 50925.3 524.824
105 50919.4 526.305
105.2 50913.2 527.785
105.4 50906.6 529.266
105.6 50899.6 530.746
105.8 50892.2 532.226
106 50884.4 533.706
106.2 50876.3 535.186
106.4 50867.7 536.665
106.6 50858.7 538.144
106.8 50849.4 539.623
107 50839.6 541.102
107.2 50829.5 542.58
107.4 50818.9 544.058
107.6 50808 545.536
107.8 50796.7 547.013
108 50785 548.49
108.2 50772.9 549.967
108.4 50760.4 551.443
108.6 50747.5 552.919
108.8 50734.2 554.394
109 50720.5 555.87
109.2 50706.4 557.344
109.4 50692 558.819
109.6 50677.1 560.293
109.8 50661.9 561.766
110 50646.2 563.239
110.2 50630.2 564.712
110.4 50613.8 566.184
110.6 50597 567.655
110.8 50579.8 569.126
111 50562.2 570.597
111.2 50544.2 572.067
111.4 50525.8 573.537
111.6 50507 575.006
111.8 50487.8 576.474
112 50468.3 577.942
112.2 50448.3 579.409
112.4 50427.9 580.876
112.6 50407.2 582.342
112.8 50386.1 583.808
113 50364.5 585.273
113.2 50342.6 586.737
113.4 50320.3 588.2
113.6 50297.6 589.663
113.8 50274.5 591.126
114 50251 592.587
114.2 50227.1 594.048
114.4 50202.8 595.508
114.6 50178.2 596.968
114.8 50153.1 598.427
115 50127.7 599.885
115.2 50101.8 601.342
115.4 50075.6 602.799
115.6 50048.9 604.254
115.8 50021.9 605.71
116 49994.5 607.164
116.2 49966.7 608.617
116.4 49938.5 610.07
116.6 49909.9 611.521
116.8 49880.9 612.972
117 49851.5 614.422
117.2 49821.7 615.872
117.4 49791.6 617.32
117.6 49761 618.768
117.8 49730.1 620.214
118 49698.7 621.66
118.2 49667 623.104
118.4 49634.9 624.548
118.6 49602.3 625.991
118.8 49569.4 627.433
119 49536.1 628.874
119.2 49502.4 630.314
119.4 49468.3 631.753
119.6 49433.8 633.191
119.8 49399 634.628
120 49363.7 636.064
120.2 49328 637.499
120.4 49292 638.933
120.6 49255.5 640.366
120.8 49218.7 641.797
121 49181.5 643.228
121.2 49143.8 644.658
121.4 49105.8 646.086
121.6 49067.4 647.514
121.8 49028.6 648.94
122 48989.4 650.365
122.2 48949.8 651.789
122.4 48909.9 653.212
122.6 48869.5 654.634
122.8 48828.7 656.054
123 48787.6 657.473
123.2 48746 658.892
123.4 48704.1 660.308
123.6 48661.8 661.724
123.8 48619 663.139
124 48575.9 664.552
124.2 48532.4 665.964
124.4 48488.5 667.374
124.6 48444.2 668.784
124.8 48399.5 670.192
125 48354.4 671.598
125.2 48309 673.004
125.4 48263.1 674.408
125.6 48216.8 675.811
125.8 48170.2 677.212
126 48123.2 678.612
126.2 48075.7 680.011
126.4 48027.9 681.408
126.6 47979.7 682.804
126.8 47931.1 684.199
127 47882.1 685.592
127.2 47832.7 686.984
127.4 47782.9 688.374
127.6 47732.7 689.763
127.8 47682.1 691.15
128 47631.2 692.536
128.2 47579.8 693.92
128.4 47528.1 695.303
128.6 47475.9 696.684
128.8 47423.4 698.064
129 47370.5 699.442
129.2 47317.2 700.819
129.4 47263.4 702.194
129.6 47209.3 703.568
129.8 47154.8 704.94
130 47100 706.31
130.2 47044.7 707.679
130.4 46989 709.047
130.6 46933 710.412
130.8 46876.5 711.776
131 46819.6 713.139
131.2 46762.4 714.499
131.4 46704.8 715.858
131.6 46646.8 717.216
131.8 46588.3 718.571
132 46529.5 719.925
132.2 46470.3 721.277
132.4 46410.7 722.628
132.6 46350.8 723.977
132.8 46290.4 725.324
133 46229.6 726.669
133.2 46168.5 728.012
133.4 46106.9 729.354
133.6 46045 730.694
133.8 45982.6 732.032
134 45919.9 733.368
134.2 45856.8 734.703
134.4 45793.3 736.035
134.6 45729.3 737.366
134.8 45665 738.695
135 45600.4 740.022
135.2 45535.3 741.347
135.4 45469.8 742.671
135.6 45403.9 743.992
135.8 45337.7 745.311
136 45271 746.629
136.2 45204 747.944
136.4 45136.5 749.258
136.6 45068.7 750.57
136.8 45000.5 751.879
137 44931.9 753.187
137.2 44862.9 754.493
137.4 44793.5 755.796
137.6 44723.7 757.098
137.8 44653.5 758.397
138 44582.9 759.695
138.2 44512 760.99
138.4 44440.6 762.284
138.6 44368.9 763.575
138.8 44296.7 764.864
139 44224.2 766.152
139.2 44151.3 767.437
139.4 44078 768.72
139.6 44004.3 770
139.8 43930.1 771.279
140 43855.7 772.555
140.2 43780.8 773.83
140.4 43705.5 775.102
140.6 43629.8 776.372
140.8 43553.8 777.639
141 43477.3 778.905
141.2 43400.4 780.168
141.4 43323.2 781.429
141.6 43245.6 782.688
141.8 43167.5 783.944
142 43089.1 785.199
142.2 43010.3 786.451
142.4 42931.1 787.7
142.6 42851.5 788.948
142.8 42771.5 790.193
143 42691.2 791.435
143.2 42610.4 792.676
143.4 42529.2 793.914
143.6 42447.7 795.149
143.8 42365.7 796.383
144 42283.4 797.613
144.2 42200.6 798.842
144.4 42117.5 800.068
144.6 42034 801.291
144.8 41950.1 802.513
145 41865.8 803.731
145.2 41781.1 804.948
145.4 41696 806.162
145.6 41610.5 807.373
145.8 41524.6 808.582
146 41438.4 809.788
146.2 41351.7 810.992
146.4 41264.7 812.193
146.6 41177.2 813.392
146.8 41089.4 814.588
147 41001.1 815.782
147.2 40912.5 816.973
147.4 40823.5 818.161
147.6 40734.1 819.347
147.8 40644.3 820.53
148 40554.1 821.711
148.2 40463.5 822.889
148.4 40372.5 824.065
148.6 40281.2 825.237
148.8 40189.4 826.407
149 40097.2 827.575
149.2 40004.7 828.739
149.4 39911.7 829.901
149.6 39818.4 831.061
149.8 39724.7 832.217
150 39630.5 833.371
150.2 39536 834.522
150.4 39441.1 835.671
150.6 39345.8 836.816
150.8 39250.1 837.959
151 39154 839.099
151.2 39057.6 840.236
151.4 38960.7 841.371
151.6 38863.4 842.502
151.8 38765.8 843.631
152 38667.7 844.757
152.2 38569.3 845.88
152.4 38470.4 847
152.6 38371.2 848.117
152.8 38271.6 849.231
153 38171.5 850.343
153.2 38071.1 851.451
153.4 37970.3 852.557
153.6 37869.1 853.66
153.8 37767.5 854.759
154 37665.6 855.856
154.2 37563.2 856.95
154.4 37460.4 858.041
154.6 37357.3 859.129
154.8 37253.7 860.213
155 37149.7 861.295
155.2 37045.4 862.374
155.4 36940.7 863.45
155.6 36835.5 864.522
155.8 36730 865.592
156 36624.1 866.658
156.2 36517.8 867.722
156.4 36411.1 868.782
156.6 36304 869.839
156.8 36196.5 870.893
157 36088.6 871.944
157.2 35980.3 872.992
157.4 35871.7 874.036
157.6 35762.6 875.078
157.8 35653.2 876.116
158 35543.3 877.151
158.2 35433.1 878.183
158.4 35322.4 879.212
158.6 35211.4 880.237
158.8 35100 881.259
159 34988.2 882.278
159.2 34876 883.294
159.4 34763.4 884.306
159.6 34650.4 885.316
159.8 34537 886.321
160 34423.2 887.324
160.2 34309 888.323
160.4 34194.5 889.319
160.6 34079.5 890.312
160.8 33964.1 891.301
161 33848.4 892.287
161.2 33732.3 893.269
161.4 33615.7 894.248
161.6 33498.8 895.224
161.8 33381.5 896.196
162 33263.8 897.165
162.2 33145.7 898.13
162.4 33027.2 899.092
162.6 32908.3 900.051
162.8 32789 901.006
163 32669.3 901.958
163.2 32549.3 902.906
163.4 32428.8 903.85
163.6 32307.9 904.791
163.8 32186.7 905.729
164 32065.1 906.663
164.2 31943 907.593
164.4 31820.6 908.52
164.6 31697.8 909.444
164.8 31574.6 910.364
165 31451 911.28
165.2 31327 912.192
165.4 31202.6 913.101
165.6 31077.8 914.007
165.8 30952.6 914.909
166 30827.1 915.807
166.2 30701.1 916.701
166.4 30574.8 917.592
166.6 30448 918.479
166.8 30320.9 919.362
167 30193.4 920.242
167.2 30065.4 921.118
167.4 29937.1 921.99
167.6 29808.4 922.859
167.8 29679.3 923.724
168 29549.9 924.585
168.2 29420 925.442
168.4 29289.7 926.296
168.6 29159.1 927.145
168.8 29028 927.991
169 28896.6 928.833
169.2 28764.7 929.672
169.4 28632.5 930.506
169.6 28499.9 931.337
169.8 28366.9 932.163
170 28233.5 932.986
170.2 28099.7 933.805
170.4 27965.5 934.621
170.6 27831 935.432
170.8 27696 936.239
171 27560.6 937.042
171.2 27424.9 937.842
171.4 27288.8 938.637
171.6 27152.2 939.429
171.8 27015.3 940.217
172 26878 941
172.2 26740.3 941.78
172.4 26602.2 942.556
172.6 26463.8 943.327
172.8 26324.9 944.095
173 26185.7 944.858
173.2 26046 945.618
173.4 25906 946.373
173.6 25765.6 947.125
173.8 25624.8 947.872
174 25483.6 948.615
174.2 25342 949.355
174.4 25200 950.09
174.6 25057.6 950.821
174.8 24914.9 951.547
175 24771.7 952.27
175.2 24628.2 952.989
175.4 24484.3 953.703
175.6 24339.9 954.413
175.8 24195.2 955.119
176 24050.2 955.821
176.2 23904.7 956.519
176.4 23758.8 957.212
176.6 23612.6 957.901
176.8 23465.9 958.586
177 23318.9 959.267
177.2 23171.5 959.943
177.4 23023.7 960.615
177.6 22875.5 961.283
177.8 22726.9 961.947
178 22577.9 962.606
178.2 22428.6 963.261
178.4 22278.8 963.912
178.6 22128.7 964.558
178.8 21978.2 965.2
179 21827.3 965.837
179.2 21676 966.47
179.4 21524.3 967.099
179.6 21372.2 967.724
179.8 21219.8 968.344
180 21066.9 968.959
180.2 20913.7 969.57
180.4 20760.1 970.177
180.6 20606.1 970.779
180.8 20451.7 971.377
181 20296.9 971.971
181.2 20141.7 972.559
181.4 19986.2 973.144
181.6 19830.2 973.724
181.8 19673.9 974.299
182 19517.2 974.87
182.2 19360.1 975.436
182.4 19202.6 975.998
182.6 19044.7 976.555
182.8 18886.5 977.107
183 18727.8 977.655
183.2 18568.8 978.199
183.4 18409.4 978.737
183.6 18249.6 979.272
183.8 18089.4 979.801
184 17928.8 980.326
184.2 17767.8 980.846
184.4 17606.4 981.362
184.6 17444.7 981.872
184.8 17282.5 982.379
185 17120 982.88
185.2 16957.1 983.377
185.4 16793.8 983.869
185.6 16630.1 984.356
185.8 16466 984.838
186 16301.6 985.316
186.2 16136.7 985.789
186.4 15971.5 986.257
186.6 15805.8 986.721
186.8 15639.8 987.179
187 15473.4 987.633
187.2 15306.6 988.082
187.4 15139.4 988.525
187.6 14971.8 988.965
187.8 14803.8 989.399
188 14635.4 989.828
188.2 14466.6 990.253
188.4 14297.5 990.672
188.6 14127.9 991.087
188.8 13958 991.496
189 13787.6 991.901
189.2 13616.9 992.3
189.4 13445.8 992.695
189.6 13274.2 993.085
189.8 13102.3 993.469
190 12930 993.849
190.2 12757.3 994.223
190.4 12584.2 994.593
190.6 12410.6 994.957
190.8 12236.7 995.316
191 12062.4 995.671
191.2 11887.7 996.02
191.4 11712.6 996.364
191.6 11537.1 996.702
191.8 11361.1 997.036
192 11184.8 997.364
192.2 11008.1 997.688
192.4 10830.9 998.005
192.6 10653.4 998.318
192.8 10475.4 998.626
193 10297.1 998.928
193.2 10118.3 999.225
193.4 9939.12 999.516
193.6 9759.52 999.803
193.8 9579.51 1000.08
194 9399.09 1000.36
194.2 9218.25 1000.63
194.4 9036.99 1000.89
194.6 8855.32 1001.15
194.8 8673.22 1001.41
195 8490.71 1001.66
195.2 8307.77 1001.9
195.4 8124.41 1002.14
195.6 7940.62 1002.37
195.8 7756.4 1002.6
196 7571.76 1002.82
196.2 7386.68 1003.03
196.4 7201.17 1003.24
196.6 7015.23 1003.45
196.8 6828.85 1003.65
197 6642.03 1003.84
197.2 6454.77 1004.03
197.4 6267.07 1004.21
197.6 6078.92 1004.38
197.8 5890.33 1004.55
198 5701.29 1004.72
198.2 5511.79 1004.88
198.4 5321.85 1005.03
198.6 5131.45 1005.18
198.8 4940.58 1005.32
199 4749.26 1005.45
199.2 4557.48 1005.58
199.4 4365.22 1005.71
199.6 4172.5 1005.82
199.8 3979.31 1005.93
200 3785.64 1006.04
