30 10
29.9996 10.1257
29.9984 10.2513
29.9964 10.377
29.9937 10.5026
29.9901 10.6282
29.9858 10.7538
29.9807 10.8794
29.9747 11.0049
29.968 11.1304
29.9605 11.2558
29.9523 11.3812
29.9432 11.5065
29.9333 11.6318
29.9227 11.757
29.9112 11.8822
29.899 12.0072
29.886 12.1322
29.8722 12.2571
29.8577 12.3819
29.8423 12.5067
29.8262 12.6313
29.8092 12.7558
29.7915 12.8802
29.773 13.0045
29.7538 13.1287
29.7337 13.2527
29.7129 13.3767
29.6913 13.5005
29.6689 13.6241
29.6457 13.7476
29.6218 13.871
29.5971 13.9942
29.5716 14.1173
29.5454 14.2401
29.5183 14.3629
29.4905 14.4854
29.462 14.6078
29.4326 14.73
29.4025 14.852
29.3717 14.9738
29.34 15.0954
29.3076 15.2168
29.2745 15.338
29.2406 15.459
29.2059 15.5798
29.1704 15.7004
29.1342 15.8207
29.0973 15.9408
29.0596 16.0607
29.0211 16.1803
28.9819 16.2997
28.942 16.4189
28.9013 16.5378
28.8598 16.6564
28.8176 16.7748
28.7747 16.8929
28.731 17.0107
28.6866 17.1282
28.6414 17.2455
28.5955 17.3625
28.5489 17.4792
28.5015 17.5956
28.4535 17.7117
28.4046 17.8275
28.3551 17.943
28.3048 18.0581
28.2538 18.173
28.2021 18.2875
28.1497 18.4017
28.0965 18.5156
28.0427 18.6291
27.9881 18.7423
27.9328 18.8552
27.8768 18.9677
27.8201 19.0798
27.7627 19.1916
27.7046 19.303
27.6458 19.4141
27.5863 19.5248
27.5261 19.6351
27.4652 19.745
27.4037 19.8545
27.3414 19.9637
27.2785 20.0725
27.2148 20.1808
27.1505 20.2888
27.0855 20.3963
27.0199 20.5035
26.9536 20.6102
26.8866 20.7165
26.8189 20.8224
26.7506 20.9279
26.6816 21.0329
26.6119 21.1375
26.5416 21.2417
26.4707 21.3454
26.399 21.4486
26.3268 21.5515
26.2539 21.6538
26.1803 21.7557
26.1062 21.8571
26.0313 21.9581
25.9559 22.0586
25.8798 22.1586
25.8031 22.2581
25.7258 22.3572
25.6478 22.4558
25.5692 22.5538
25.4901 22.6514
25.4103 22.7485
25.3299 22.8451
25.2489 22.9411
25.1672 23.0367
25.085 23.1317
25.0022 23.2262
24.9188 23.3202
24.8348 23.4137
24.7503 23.5067
24.6651 23.5991
24.5794 23.6909
24.4931 23.7823
24.4062 23.8731
24.3187 23.9633
24.2307 24.053
24.1421 24.1421
24.053 24.2307
23.9633 24.3187
23.8731 24.4062
23.7823 24.4931
23.6909 24.5794
23.5991 24.6651
23.5067 24.7503
23.4137 24.8348
23.3202 24.9188
23.2262 25.0022
23.1317 25.085
23.0367 25.1672
22.9411 25.2489
22.8451 25.3299
22.7485 25.4103
22.6514 25.4901
22.5538 25.5692
22.4558 25.6478
22.3572 25.7258
22.2581 25.8031
22.1586 25.8798
22.0586 25.9559
21.9581 26.0313
21.8571 26.1062
21.7557 26.1803
21.6538 26.2539
21.5515 26.3268
21.4486 26.399
21.3454 26.4707
21.2417 26.5416
21.1375 26.6119
21.0329 26.6816
20.9279 26.7506
20.8224 26.8189
20.7165 26.8866
20.6102 26.9536
20.5035 27.0199
20.3963 27.0855
20.2888 27.1505
20.1808 27.2148
20.0725 27.2785
19.9637 27.3414
19.8545 27.4037
19.745 27.4652
19.6351 27.5261
19.5248 27.5863
19.4141 27.6458
19.303 27.7046
19.1916 27.7627
19.0798 27.8201
18.9677 27.8768
18.8552 27.9328
18.7423 27.9881
18.6291 28.0427
18.5156 28.0965
18.4017 28.1497
18.2875 28.2021
18.173 28.2538
18.0581 28.3048
17.943 28.3551
17.8275 28.4046
17.7117 28.4535
17.5956 28.5015
17.4792 28.5489
17.3625 28.5955
17.2455 28.6414
17.1282 28.6866
17.0107 28.731
16.8929 28.7747
16.7748 28.8176
16.6564 28.8598
16.5378 28.9013
16.4189 28.942
16.2997 28.9819
16.1803 29.0211
16.0607 29.0596
15.9408 29.0973
15.8207 29.1342
15.7004 29.1704
15.5798 29.2059
15.459 29.2406
15.338 29.2745
15.2168 29.3076
15.0954 29.34
14.9738 29.3717
14.852 29.4025
14.73 29.4326
14.6078 29.462
14.4854 29.4905
14.3629 29.5183
14.2401 29.5454
14.1173 29.5716
13.9942 29.5971
13.871 29.6218
13.7476 29.6457
13.6241 29.6689
13.5005 29.6913
13.3767 29.7129
13.2527 29.7337
13.1287 29.7538
13.0045 29.773
12.8802 29.7915
12.7558 29.8092
12.6313 29.8262
12.5067 29.8423
12.3819 29.8577
12.2571 29.8722
12.1322 29.886
12.0072 29.899
11.8822 29.9112
11.757 29.9227
11.6318 29.9333
11.5065 29.9432
11.3812 29.9523
11.2558 29.9605
11.1304 29.968
11.0049 29.9747
10.8794 29.9807
10.7538 29.9858
10.6282 29.9901
10.5026 29.9937
10.377 29.9964
10.2513 29.9984
10.1257 29.9996
10 30
9.87434 29.9996
9.74868 29.9984
9.62303 29.9964
9.4974 29.9937
9.37178 29.9901
9.2462 29.9858
9.12064 29.9807
8.99511 29.9747
8.86963 29.968
8.74419 29.9605
8.6188 29.9523
8.49346 29.9432
8.36819 29.9333
8.24298 29.9227
8.11783 29.9112
7.99277 29.899
7.86778 29.886
7.74287 29.8722
7.61806 29.8577
7.49334 29.8423
7.36871 29.8262
7.24419 29.8092
7.11978 29.7915
6.99549 29.773
6.87131 29.7538
6.74726 29.7337
6.62333 29.7129
6.49954 29.6913
6.37588 29.6689
6.25237 29.6457
6.12901 29.6218
6.0058 29.5971
5.88275 29.5716
5.75986 29.5454
5.63714 29.5183
5.51458 29.4905
5.39221 29.462
5.27002 29.4326
5.14802 29.4025
5.0262 29.3717
4.90459 29.34
4.78317 29.3076
4.66196 29.2745
4.54096 29.2406
4.42018 29.2059
4.29961 29.1704
4.17928 29.1342
4.05917 29.0973
3.93929 29.0596
3.81966 29.0211
3.70027 28.9819
3.58113 28.942
3.46224 28.9013
3.34361 28.8598
3.22524 28.8176
3.10714 28.7747
2.98931 28.731
2.87176 28.6866
2.75449 28.6414
2.63751 28.5955
2.52082 28.5489
2.40442 28.5015
2.28832 28.4535
2.17253 28.4046
2.05704 28.3551
1.94187 28.3048
1.82702 28.2538
1.71249 28.2021
1.59829 28.1497
1.48441 28.0965
1.37088 28.0427
1.25768 27.9881
1.14484 27.9328
1.03234 27.8768
0.92019 27.8201
0.808403 27.7627
0.696978 27.7046
0.585921 27.6458
0.475236 27.5863
0.364927 27.5261
0.254997 27.4652
0.145453 27.4037
0.0362979 27.3414
-0.072464 27.2785
-0.180828 27.2148
-0.288791 27.1505
-0.396347 27.0855
-0.503493 27.0199
-0.610224 26.9536
-0.716536 26.8866
-0.822425 26.8189
-0.927887 26.7506
-1.03292 26.6816
-1.13751 26.6119
-1.24167 26.5416
-1.34538 26.4707
-1.44864 26.399
-1.55145 26.3268
-1.65381 26.2539
-1.75571 26.1803
-1.85714 26.1062
-1.9581 26.0313
-2.05859 25.9559
-2.15861 25.8798
-2.25814 25.8031
-2.35719 25.7258
-2.45576 25.6478
-2.55383 25.5692
-2.6514 25.4901
-2.74848 25.4103
-2.84505 25.3299
-2.94112 25.2489
-3.03667 25.1672
-3.13172 25.085
-3.22624 25.0022
-3.32024 24.9188
-3.41371 24.8348
-3.50666 24.7503
-3.59907 24.6651
-3.69094 24.5794
-3.78228 24.4931
-3.87307 24.4062
-3.96331 24.3187
-4.053 24.2307
-4.14214 24.1421
-4.23071 24.053
-4.31873 23.9633
-4.40618 23.8731
-4.49306 23.7823
-4.57937 23.6909
-4.66511 23.5991
-4.75026 23.5067
-4.83484 23.4137
-4.91882 23.3202
-5.00222 23.2262
-5.08503 23.1317
-5.16724 23.0367
-5.24885 22.9411
-5.32986 22.8451
-5.41026 22.7485
-5.49006 22.6514
-5.56925 22.5538
-5.64782 22.4558
-5.72577 22.3572
-5.8031 22.2581
-5.87981 22.1586
-5.95589 22.0586
-6.03134 21.9581
-6.10616 21.8571
-6.18034 21.7557
-6.25388 21.6538
-6.32679 21.5515
-6.39904 21.4486
-6.47065 21.3454
-6.54161 21.2417
-6.61192 21.1375
-6.68157 21.0329
-6.75056 20.9279
-6.81889 20.8224
-6.88656 20.7165
-6.95356 20.6102
-7.01989 20.5035
-7.08555 20.3963
-7.15053 20.2888
-7.21484 20.1808
-7.27847 20.0725
-7.34141 19.9637
-7.40368 19.8545
-7.46525 19.745
-7.52613 19.6351
-7.58633 19.5248
-7.64582 19.4141
-7.70463 19.303
-7.76273 19.1916
-7.82013 19.0798
-7.87683 18.9677
-7.93282 18.8552
-7.98811 18.7423
-8.04268 18.6291
-8.09654 18.5156
-8.14969 18.4017
-8.20212 18.2875
-8.25383 18.173
-8.30482 18.0581
-8.35509 17.943
-8.40464 17.8275
-8.45345 17.7117
-8.50154 17.5956
-8.5489 17.4792
-8.59553 17.3625
-8.64142 17.2455
-8.68658 17.1282
-8.731 17.0107
-8.77468 16.8929
-8.81762 16.7748
-8.85981 16.6564
-8.90126 16.5378
-8.94197 16.4189
-8.98192 16.2997
-9.02113 16.1803
-9.05959 16.0607
-9.09729 15.9408
-9.13424 15.8207
-9.17044 15.7004
-9.20587 15.5798
-9.24055 15.459
-9.27447 15.338
-9.30763 15.2168
-9.34003 15.0954
-9.37166 14.9738
-9.40253 14.852
-9.43263 14.73
-9.46197 14.6078
-9.49054 14.4854
-9.51834 14.3629
-9.54536 14.2401
-9.57162 14.1173
-9.5971 13.9942
-9.62181 13.871
-9.64575 13.7476
-9.6689 13.6241
-9.69129 13.5005
-9.71289 13.3767
-9.73372 13.2527
-9.75377 13.1287
-9.77303 13.0045
-9.79152 12.8802
-9.80923 12.7558
-9.82615 12.6313
-9.84229 12.5067
-9.85765 12.3819
-9.87223 12.2571
-9.88602 12.1322
-9.89902 12.0072
-9.91124 11.8822
-9.92267 11.757
-9.93332 11.6318
-9.94318 11.5065
-9.95225 11.3812
-9.96053 11.2558
-9.96803 11.1304
-9.97474 11.0049
-9.98066 10.8794
-9.98579 10.7538
-9.99013 10.6282
-9.99368 10.5026
-9.99645 10.377
-9.99842 10.2513
-9.99961 10.1257
-10 10
-9.99961 9.87434
-9.99842 9.74868
-9.99645 9.62303
-9.99368 9.4974
-9.99013 9.37178
-9.98579 9.2462
-9.98066 9.12064
-9.97474 8.99511
-9.96803 8.86963
-9.96053 8.74419
-9.95225 8.6188
-9.94318 8.49346
-9.93332 8.36819
-9.92267 8.24298
-9.91124 8.11783
-9.89902 7.99277
-9.88602 7.86778
-9.87223 7.74287
-9.85765 7.61806
-9.84229 7.49334
-9.82615 7.36871
-9.80923 7.24419
-9.79152 7.11978
-9.77303 6.99549
-9.75377 6.87131
-9.73372 6.74726
-9.71289 6.62333
-9.69129 6.49954
-9.6689 6.37588
-9.64575 6.25237
-9.62181 6.12901
-9.5971 6.0058
-9.57162 5.88275
-9.54536 5.75986
-9.51834 5.63714
-9.49054 5.51458
-9.46197 5.39221
-9.43263 5.27002
-9.40253 5.14802
-9.37166 5.0262
-9.34003 4.90459
-9.30763 4.78317
-9.27447 4.66196
-9.24055 4.54096
-9.20587 4.42018
-9.17044 4.29961
-9.13424 4.17928
-9.09729 4.05917
-9.05959 3.93929
-9.02113 3.81966
-8.98192 3.70027
-8.94197 3.58113
-8.90126 3.46224
-8.85981 3.34361
-8.81762 3.22524
-8.77468 3.10714
-8.731 2.98931
-8.68658 2.87176
-8.64142 2.75449
-8.59553 2.63751
-8.5489 2.52082
-8.50154 2.40442
-8.45345 2.28832
-8.40464 2.17253
-8.35509 2.05704
-8.30482 1.94187
-8.25383 1.82702
-8.20212 1.71249
-8.14969 1.59829
-8.09654 1.48441
-8.04268 1.37088
-7.98811 1.25768
-7.93282 1.14484
-7.87683 1.03234
-7.82013 0.92019
-7.76273 0.808403
-7.70463 0.696978
-7.64582 0.585921
-7.58633 0.475236
-7.52613 0.364927
-7.46525 0.254997
-7.40368 0.145453
-7.34141 0.0362979
-7.27847 -0.072464
-7.21484 -0.180828
-7.15053 -0.288791
-7.08555 -0.396347
-7.01989 -0.503493
-6.95356 -0.610224
-6.88656 -0.716536
-6.81889 -0.822425
-6.75056 -0.927887
-6.68157 -1.03292
-6.61192 -1.13751
-6.54161 -1.24167
-6.47065 -1.34538
-6.39904 -1.44864
-6.32679 -1.55145
-6.25388 -1.65381
-6.18034 -1.75571
-6.10616 -1.85714
-6.03134 -1.9581
-5.95589 -2.05859
-5.87981 -2.15861
-5.8031 -2.25814
-5.72577 -2.35719
-5.64782 -2.45576
-5.56925 -2.55383
-5.49006 -2.6514
-5.41026 -2.74848
-5.32986 -2.84505
-5.24885 -2.94112
-5.16724 -3.03667
-5.08503 -3.13172
-5.00222 -3.22624
-4.91882 -3.32024
-4.83484 -3.41371
-4.75026 -3.50666
-4.66511 -3.59907
-4.57937 -3.69094
-4.49306 -3.78228
-4.40618 -3.87307
-4.31873 -3.96331
-4.23071 -4.053
-4.14214 -4.14214
-4.053 -4.23071
-3.96331 -4.31873
-3.87307 -4.40618
-3.78228 -4.49306
-3.69094 -4.57937
-3.59907 -4.66511
-3.50666 -4.75026
-3.41371 -4.83484
-3.32024 -4.91882
-3.22624 -5.00222
-3.13172 -5.08503
-3.03667 -5.16724
-2.94112 -5.24885
-2.84505 -5.32986
-2.74848 -5.41026
-2.6514 -5.49006
-2.55383 -5.56925
-2.45576 -5.64782
-2.35719 -5.72577
-2.25814 -5.8031
-2.15861 -5.87981
-2.05859 -5.95589
-1.9581 -6.03134
-1.85714 -6.10616
-1.75571 -6.18034
-1.65381 -6.25388
-1.55145 -6.32679
-1.44864 -6.39904
-1.34538 -6.47065
-1.24167 -6.54161
-1.13751 -6.61192
-1.03292 -6.68157
-0.927887 -6.75056
-0.822425 -6.81889
-0.716536 -6.88656
-0.610224 -6.95356
-0.503493 -7.01989
-0.396347 -7.08555
-0.288791 -7.15053
-0.180828 -7.21484
-0.072464 -7.27847
0.0362979 -7.34141
0.145453 -7.40368
0.254997 -7.46525
0.364927 -7.52613
0.475236 -7.58633
0.585921 -7.64582
0.696978 -7.70463
0.808403 -7.76273
0.92019 -7.82013
1.03234 -7.87683
1.14484 -7.93282
1.25768 -7.98811
1.37088 -8.04268
1.48441 -8.09654
1.59829 -8.14969
1.71249 -8.20212
1.82702 -8.25383
1.94187 -8.30482
2.05704 -8.35509
2.17253 -8.40464
2.28832 -8.45345
2.40442 -8.50154
2.52082 -8.5489
2.63751 -8.59553
2.75449 -8.64142
2.87176 -8.68658
2.98931 -8.731
3.10714 -8.77468
3.22524 -8.81762
3.34361 -8.85981
3.46224 -8.90126
3.58113 -8.94197
3.70027 -8.98192
3.81966 -9.02113
3.93929 -9.05959
4.05917 -9.09729
4.17928 -9.13424
4.29961 -9.17044
4.42018 -9.20587
4.54096 -9.24055
4.66196 -9.27447
4.78317 -9.30763
4.90459 -9.34003
5.0262 -9.37166
5.14802 -9.40253
5.27002 -9.43263
5.39221 -9.46197
5.51458 -9.49054
5.63714 -9.51834
5.75986 -9.54536
5.88275 -9.57162
6.0058 -9.5971
6.12901 -9.62181
6.25237 -9.64575
6.37588 -9.6689
6.49954 -9.69129
6.62333 -9.71289
6.74726 -9.73372
6.87131 -9.75377
6.99549 -9.77303
7.11978 -9.79152
7.24419 -9.80923
7.36871 -9.82615
7.49334 -9.84229
7.61806 -9.85765
7.74287 -9.87223
7.86778 -9.88602
7.99277 -9.89902
8.11783 -9.91124
8.24298 -9.92267
8.36819 -9.93332
8.49346 -9.94318
8.6188 -9.95225
8.74419 -9.96053
8.86963 -9.96803
8.99511 -9.97474
9.12064 -9.98066
9.2462 -9.98579
9.37178 -9.99013
9.4974 -9.99368
9.62303 -9.99645
9.74868 -9.99842
9.87434 -9.99961
10 -10
10.1257 -9.99961
10.2513 -9.99842
10.377 -9.99645
10.5026 -9.99368
10.6282 -9.99013
10.7538 -9.98579
10.8794 -9.98066
11.0049 -9.97474
11.1304 -9.96803
11.2558 -9.96053
11.3812 -9.95225
11.5065 -9.94318
11.6318 -9.93332
11.757 -9.92267
11.8822 -9.91124
12.0072 -9.89902
12.1322 -9.88602
12.2571 -9.87223
12.3819 -9.85765
12.5067 -9.84229
12.6313 -9.82615
12.7558 -9.80923
12.8802 -9.79152
13.0045 -9.77303
13.1287 -9.75377
13.2527 -9.73372
13.3767 -9.71289
13.5005 -9.69129
13.6241 -9.6689
13.7476 -9.64575
13.871 -9.62181
13.9942 -9.5971
14.1173 -9.57162
14.2401 -9.54536
14.3629 -9.51834
14.4854 -9.49054
14.6078 -9.46197
14.73 -9.43263
14.852 -9.40253
14.9738 -9.37166
15.0954 -9.34003
15.2168 -9.30763
15.338 -9.27447
15.459 -9.24055
15.5798 -9.20587
15.7004 -9.17044
15.8207 -9.13424
15.9408 -9.09729
16.0607 -9.05959
16.1803 -9.02113
16.2997 -8.98192
16.4189 -8.94197
16.5378 -8.90126
16.6564 -8.85981
16.7748 -8.81762
16.8929 -8.77468
17.0107 -8.731
17.1282 -8.68658
17.2455 -8.64142
17.3625 -8.59553
17.4792 -8.5489
17.5956 -8.50154
17.7117 -8.45345
17.8275 -8.40464
17.943 -8.35509
18.0581 -8.30482
18.173 -8.25383
18.2875 -8.20212
18.4017 -8.14969
18.5156 -8.09654
18.6291 -8.04268
18.7423 -7.98811
18.8552 -7.93282
18.9677 -7.87683
19.0798 -7.82013
19.1916 -7.76273
19.303 -7.70463
19.4141 -7.64582
19.5248 -7.58633
19.6351 -7.52613
19.745 -7.46525
19.8545 -7.40368
19.9637 -7.34141
20.0725 -7.27847
20.1808 -7.21484
20.2888 -7.15053
20.3963 -7.08555
20.5035 -7.01989
20.6102 -6.95356
20.7165 -6.88656
20.8224 -6.81889
20.9279 -6.75056
21.0329 -6.68157
21.1375 -6.61192
21.2417 -6.54161
21.3454 -6.47065
21.4486 -6.39904
21.5515 -6.32679
21.6538 -6.25388
21.7557 -6.18034
21.8571 -6.10616
21.9581 -6.03134
22.0586 -5.95589
22.1586 -5.87981
22.2581 -5.8031
22.3572 -5.72577
22.4558 -5.64782
22.5538 -5.56925
22.6514 -5.49006
22.7485 -5.41026
22.8451 -5.32986
22.9411 -5.24885
23.0367 -5.16724
23.1317 -5.08503
23.2262 -5.00222
23.3202 -4.91882
23.4137 -4.83484
23.5067 -4.75026
23.5991 -4.66511
23.6909 -4.57937
23.7823 -4.49306
23.8731 -4.40618
23.9633 -4.31873
24.053 -4.23071
24.1421 -4.14214
24.2307 -4.053
24.3187 -3.96331
24.4062 -3.87307
24.4931 -3.78228
24.5794 -3.69094
24.6651 -3.59907
24.7503 -3.50666
24.8348 -3.41371
24.9188 -3.32024
25.0022 -3.22624
25.085 -3.13172
25.1672 -3.03667
25.2489 -2.94112
25.3299 -2.84505
25.4103 -2.74848
25.4901 -2.6514
25.5692 -2.55383
25.6478 -2.45576
25.7258 -2.35719
25.8031 -2.25814
25.8798 -2.15861
25.9559 -2.05859
26.0313 -1.9581
26.1062 -1.85714
26.1803 -1.75571
26.2539 -1.65381
26.3268 -1.55145
26.399 -1.44864
26.4707 -1.34538
26.5416 -1.24167
26.6119 -1.13751
26.6816 -1.03292
26.7506 -0.927887
26.8189 -0.822425
26.8866 -0.716536
26.9536 -0.610224
27.0199 -0.503493
27.0855 -0.396347
27.1505 -0.288791
27.2148 -0.180828
27.2785 -0.072464
27.3414 0.0362979
27.4037 0.145453
27.4652 0.254997
27.5261 0.364927
27.5863 0.475236
27.6458 0.585921
27.7046 0.696978
27.7627 0.808403
27.8201 0.92019
27.8768 1.03234
27.9328 1.14484
27.9881 1.25768
28.0427 1.37088
28.0965 1.48441
28.1497 1.59829
28.2021 1.71249
28.2538 1.82702
28.3048 1.94187
28.3551 2.05704
28.4046 2.17253
28.4535 2.28832
28.5015 2.40442
28.5489 2.52082
28.5955 2.63751
28.6414 2.75449
28.6866 2.87176
28.731 2.98931
28.7747 3.10714
28.8176 3.22524
28.8598 3.34361
28.9013 3.46224
28.942 3.58113
28.9819 3.70027
29.0211 3.81966
29.0596 3.93929
29.0973 4.05917
29.1342 4.17928
29.1704 4.29961
29.2059 4.42018
29.2406 4.54096
29.2745 4.66196
29.3076 4.78317
29.34 4.90459
29.3717 5.0262
29.4025 5.14802
29.4326 5.27002
29.462 5.39221
29.4905 5.51458
29.5183 5.63714
29.5454 5.75986
29.5716 5.88275
29.5971 6.0058
29.6218 6.12901
29.6457 6.25237
29.6689 6.37588
29.6913 6.49954
29.7129 6.62333
29.7337 6.74726
29.7538 6.87131
29.773 6.99549
29.7915 7.11978
29.8092 7.24419
29.8262 7.36871
29.8423 7.49334
29.8577 7.61806
29.8722 7.74287
29.886 7.86778
29.899 7.99277
29.9112 8.11783
29.9227 8.24298
29.9333 8.36819
29.9432 8.49346
29.9523 8.6188
29.9605 8.74419
29.968 8.86963
29.9747 8.99511
29.9807 9.12064
29.9858 9.2462
29.9901 9.37178
29.9937 9.4974
29.9964 9.62303
29.9984 9.74868
29.9996 9.87434
30 10
