20 0
19.9996 0.125663
19.9984 0.251321
19.9964 0.376969
19.9937 0.502602
19.9901 0.628215
19.9858 0.753804
19.9807 0.879362
19.9747 1.00489
19.968 1.13037
19.9605 1.25581
19.9523 1.3812
19.9432 1.50654
19.9333 1.63181
19.9227 1.75702
19.9112 1.88217
19.899 2.00723
19.886 2.13222
19.8722 2.25713
19.8577 2.38194
19.8423 2.50666
19.8262 2.63129
19.8092 2.75581
19.7915 2.88022
19.773 3.00451
19.7538 3.12869
19.7337 3.25274
19.7129 3.37667
19.6913 3.50046
19.6689 3.62412
19.6457 3.74763
19.6218 3.87099
19.5971 3.9942
19.5716 4.11725
19.5454 4.24014
19.5183 4.36286
19.4905 4.48542
19.462 4.60779
19.4326 4.72998
19.4025 4.85198
19.3717 4.9738
19.34 5.09541
19.3076 5.21683
19.2745 5.33804
19.2406 5.45904
19.2059 5.57982
19.1704 5.70039
19.1342 5.82072
19.0973 5.94083
19.0596 6.06071
19.0211 6.18034
18.9819 6.29973
18.942 6.41887
18.9013 6.53776
18.8598 6.65639
18.8176 6.77476
18.7747 6.89286
18.731 7.01069
18.6866 7.12824
18.6414 7.24551
18.5955 7.36249
18.5489 7.47918
18.5015 7.59558
18.4535 7.71168
18.4046 7.82747
18.3551 7.94296
18.3048 8.05813
18.2538 8.17298
18.2021 8.28751
18.1497 8.40171
18.0965 8.51559
18.0427 8.62912
17.9881 8.74232
17.9328 8.85516
17.8768 8.96766
17.8201 9.07981
17.7627 9.1916
17.7046 9.30302
17.6458 9.41408
17.5863 9.52476
17.5261 9.63507
17.4652 9.745
17.4037 9.85455
17.3414 9.9637
17.2785 10.0725
17.2148 10.1808
17.1505 10.2888
17.0855 10.3963
17.0199 10.5035
16.9536 10.6102
16.8866 10.7165
16.8189 10.8224
16.7506 10.9279
16.6816 11.0329
16.6119 11.1375
16.5416 11.2417
16.4707 11.3454
16.399 11.4486
16.3268 11.5515
16.2539 11.6538
16.1803 11.7557
16.1062 11.8571
16.0313 11.9581
15.9559 12.0586
15.8798 12.1586
15.8031 12.2581
15.7258 12.3572
15.6478 12.4558
15.5692 12.5538
15.4901 12.6514
15.4103 12.7485
15.3299 12.8451
15.2489 12.9411
15.1672 13.0367
15.085 13.1317
15.0022 13.2262
14.9188 13.3202
14.8348 13.4137
14.7503 13.5067
14.6651 13.5991
14.5794 13.6909
14.4931 13.7823
14.4062 13.8731
14.3187 13.9633
14.2307 14.053
14.1421 14.1421
14.053 14.2307
13.9633 14.3187
13.8731 14.4062
13.7823 14.4931
13.6909 14.5794
13.5991 14.6651
13.5067 14.7503
13.4137 14.8348
13.3202 14.9188
13.2262 15.0022
13.1317 15.085
13.0367 15.1672
12.9411 15.2489
12.8451 15.3299
12.7485 15.4103
12.6514 15.4901
12.5538 15.5692
12.4558 15.6478
12.3572 15.7258
12.2581 15.8031
12.1586 15.8798
12.0586 15.9559
11.9581 16.0313
11.8571 16.1062
11.7557 16.1803
11.6538 16.2539
11.5515 16.3268
11.4486 16.399
11.3454 16.4707
11.2417 16.5416
11.1375 16.6119
11.0329 16.6816
10.9279 16.7506
10.8224 16.8189
10.7165 16.8866
10.6102 16.9536
10.5035 17.0199
10.3963 17.0855
10.2888 17.1505
10.1808 17.2148
10.0725 17.2785
9.9637 17.3414
9.85455 17.4037
9.745 17.4652
9.63507 17.5261
9.52476 17.5863
9.41408 17.6458
9.30302 17.7046
9.1916 17.7627
9.07981 17.8201
8.96766 17.8768
8.85516 17.9328
8.74232 17.9881
8.62912 18.0427
8.51559 18.0965
8.40171 18.1497
8.28751 18.2021
8.17298 18.2538
8.05813 18.3048
7.94296 18.3551
7.82747 18.4046
7.71168 18.4535
7.59558 18.5015
7.47918 18.5489
7.36249 18.5955
7.24551 18.6414
7.12824 18.6866
7.01069 18.731
6.89286 18.7747
6.77476 18.8176
6.65639 18.8598
6.53776 18.9013
6.41887 18.942
6.29973 18.9819
6.18034 19.0211
6.06071 19.0596
5.94083 19.0973
5.82072 19.1342
5.70039 19.1704
5.57982 19.2059
5.45904 19.2406
5.33804 19.2745
5.21683 19.3076
5.09541 19.34
4.9738 19.3717
4.85198 19.4025
4.72998 19.4326
4.60779 19.462
4.48542 19.4905
4.36286 19.5183
4.24014 19.5454
4.11725 19.5716
3.9942 19.5971
3.87099 19.6218
3.74763 19.6457
3.62412 19.6689
3.50046 19.6913
3.37667 19.7129
3.25274 19.7337
3.12869 19.7538
3.00451 19.773
2.88022 19.7915
2.75581 19.8092
2.63129 19.8262
2.50666 19.8423
2.38194 19.8577
2.25713 19.8722
2.13222 19.886
2.00723 19.899
1.88217 19.9112
1.75702 19.9227
1.63181 19.9333
1.50654 19.9432
1.3812 19.9523
1.25581 19.9605
1.13037 19.968
1.00489 19.9747
0.879362 19.9807
0.753804 19.9858
0.628215 19.9901
0.502602 19.9937
0.376969 19.9964
0.251321 19.9984
0.125663 19.9996
1.22465e-15 20
-0.125663 19.9996
-0.251321 19.9984
-0.376969 19.9964
-0.502602 19.9937
-0.628215 19.9901
-0.753804 19.9858
-0.879362 19.9807
-1.00489 19.9747
-1.13037 19.968
-1.25581 19.9605
-1.3812 19.9523
-1.50654 19.9432
-1.63181 19.9333
-1.75702 19.9227
-1.88217 19.9112
-2.00723 19.899
-2.13222 19.886
-2.25713 19.8722
-2.38194 19.8577
-2.50666 19.8423
-2.63129 19.8262
-2.75581 19.8092
-2.88022 19.7915
-3.00451 19.773
-3.12869 19.7538
-3.25274 19.7337
-3.37667 19.7129
-3.50046 19.6913
-3.62412 19.6689
-3.74763 19.6457
-3.87099 19.6218
-3.9942 19.5971
-4.11725 19.5716
-4.24014 19.5454
-4.36286 19.5183
-4.48542 19.4905
-4.60779 19.462
-4.72998 19.4326
-4.85198 19.4025
-4.9738 19.3717
-5.09541 19.34
-5.21683 19.3076
-5.33804 19.2745
-5.45904 19.2406
-5.57982 19.2059
-5.70039 19.1704
-5.82072 19.1342
-5.94083 19.0973
-6.06071 19.0596
-6.18034 19.0211
-6.29973 18.9819
-6.41887 18.942
-6.53776 18.9013
-6.65639 18.8598
-6.77476 18.8176
-6.89286 18.7747
-7.01069 18.731
-7.12824 18.6866
-7.24551 18.6414
-7.36249 18.5955
-7.47918 18.5489
-7.59558 18.5015
-7.71168 18.4535
-7.82747 18.4046
-7.94296 18.3551
-8.05813 18.3048
-8.17298 18.2538
-8.28751 18.2021
-8.40171 18.1497
-8.51559 18.0965
-8.62912 18.0427
-8.74232 17.9881
-8.85516 17.9328
-8.96766 17.8768
-9.07981 17.8201
-9.1916 17.7627
-9.30302 17.7046
-9.41408 17.6458
-9.52476 17.5863
-9.63507 17.5261
-9.745 17.4652
-9.85455 17.4037
-9.9637 17.3414
-10.0725 17.2785
-10.1808 17.2148
-10.2888 17.1505
-10.3963 17.0855
-10.5035 17.0199
-10.6102 16.9536
-10.7165 16.8866
-10.8224 16.8189
-10.9279 16.7506
-11.0329 16.6816
-11.1375 16.6119
-11.2417 16.5416
-11.3454 16.4707
-11.4486 16.399
-11.5515 16.3268
-11.6538 16.2539
-11.7557 16.1803
-11.8571 16.1062
-11.9581 16.0313
-12.0586 15.9559
-12.1586 15.8798
-12.2581 15.8031
-12.3572 15.7258
-12.4558 15.6478
-12.5538 15.5692
-12.6514 15.4901
-12.7485 15.4103
-12.8451 15.3299
-12.9411 15.2489
-13.0367 15.1672
-13.1317 15.085
-13.2262 15.0022
-13.3202 14.9188
-13.4137 14.8348
-13.5067 14.7503
-13.5991 14.6651
-13.6909 14.5794
-13.7823 14.4931
-13.8731 14.4062
-13.9633 14.3187
-14.053 14.2307
-14.1421 14.1421
-14.2307 14.053
-14.3187 13.9633
-14.4062 13.8731
-14.4931 13.7823
-14.5794 13.6909
-14.6651 13.5991
-14.7503 13.5067
-14.8348 13.4137
-14.9188 13.3202
-15.0022 13.2262
-15.085 13.1317
-15.1672 13.0367
-15.2489 12.9411
-15.3299 12.8451
-15.4103 12.7485
-15.4901 12.6514
-15.5692 12.5538
-15.6478 12.4558
-15.7258 12.3572
-15.8031 12.2581
-15.8798 12.1586
-15.9559 12.0586
-16.0313 11.9581
-16.1062 11.8571
-16.1803 11.7557
-16.2539 11.6538
-16.3268 11.5515
-16.399 11.4486
-16.4707 11.3454
-16.5416 11.2417
-16.6119 11.1375
-16.6816 11.0329
-16.7506 10.9279
-16.8189 10.8224
-16.8866 10.7165
-16.9536 10.6102
-17.0199 10.5035
-17.0855 10.3963
-17.1505 10.2888
-17.2148 10.1808
-17.2785 10.0725
-17.3414 9.9637
-17.4037 9.85455
-17.4652 9.745
-17.5261 9.63507
-17.5863 9.52476
-17.6458 9.41408
-17.7046 9.30302
-17.7627 9.1916
-17.8201 9.07981
-17.8768 8.96766
-17.9328 8.85516
-17.9881 8.74232
-18.0427 8.62912
-18.0965 8.51559
-18.1497 8.40171
-18.2021 8.28751
-18.2538 8.17298
-18.3048 8.05813
-18.3551 7.94296
-18.4046 7.82747
-18.4535 7.71168
-18.5015 7.59558
-18.5489 7.47918
-18.5955 7.36249
-18.6414 7.24551
-18.6866 7.12824
-18.731 7.01069
-18.7747 6.89286
-18.8176 6.77476
-18.8598 6.65639
-18.9013 6.53776
-18.942 6.41887
-18.9819 6.29973
-19.0211 6.18034
-19.0596 6.06071
-19.0973 5.94083
-19.1342 5.82072
-19.1704 5.70039
-19.2059 5.57982
-19.2406 5.45904
-19.2745 5.33804
-19.3076 5.21683
-19.34 5.09541
-19.3717 4.9738
-19.4025 4.85198
-19.4326 4.72998
-19.462 4.60779
-19.4905 4.48542
-19.5183 4.36286
-19.5454 4.24014
-19.5716 4.11725
-19.5971 3.9942
-19.6218 3.87099
-19.6457 3.74763
-19.6689 3.62412
-19.6913 3.50046
-19.7129 3.37667
-19.7337 3.25274
-19.7538 3.12869
-19.773 3.00451
-19.7915 2.88022
-19.8092 2.75581
-19.8262 2.63129
-19.8423 2.50666
-19.8577 2.38194
-19.8722 2.25713
-19.886 2.13222
-19.899 2.00723
-19.9112 1.88217
-19.9227 1.75702
-19.9333 1.63181
-19.9432 1.50654
-19.9523 1.3812
-19.9605 1.25581
-19.968 1.13037
-19.9747 1.00489
-19.9807 0.879362
-19.9858 0.753804
-19.9901 0.628215
-19.9937 0.502602
-19.9964 0.376969
-19.9984 0.251321
-19.9996 0.125663
-20 2.44929e-15
-19.9996 -0.125663
-19.9984 -0.251321
-19.9964 -0.376969
-19.9937 -0.502602
-19.9901 -0.628215
-19.9858 -0.753804
-19.9807 -0.879362
-19.9747 -1.00489
-19.968 -1.13037
-19.9605 -1.25581
-19.9523 -1.3812
-19.9432 -1.50654
-19.9333 -1.63181
-19.9227 -1.75702
-19.9112 -1.88217
-19.899 -2.00723
-19.886 -2.13222
-19.8722 -2.25713
-19.8577 -2.38194
-19.8423 -2.50666
-19.8262 -2.63129
-19.8092 -2.75581
-19.7915 -2.88022
-19.773 -3.00451
-19.7538 -3.12869
-19.7337 -3.25274
-19.7129 -3.37667
-19.6913 -3.50046
-19.6689 -3.62412
-19.6457 -3.74763
-19.6218 -3.87099
-19.5971 -3.9942
-19.5716 -4.11725
-19.5454 -4.24014
-19.5183 -4.36286
-19.4905 -4.48542
-19.462 -4.60779
-19.4326 -4.72998
-19.4025 -4.85198
-19.3717 -4.9738
-19.34 -5.09541
-19.3076 -5.21683
-19.2745 -5.33804
-19.2406 -5.45904
-19.2059 -5.57982
-19.1704 -5.70039
-19.1342 -5.82072
-19.0973 -5.94083
-19.0596 -6.06071
-19.0211 -6.18034
-18.9819 -6.29973
-18.942 -6.41887
-18.9013 -6.53776
-18.8598 -6.65639
-18.8176 -6.77476
-18.7747 -6.89286
-18.731 -7.01069
-18.6866 -7.12824
-18.6414 -7.24551
-18.5955 -7.36249
-18.5489 -7.47918
-18.5015 -7.59558
-18.4535 -7.71168
-18.4046 -7.82747
-18.3551 -7.94296
-18.3048 -8.05813
-18.2538 -8.17298
-18.2021 -8.28751
-18.1497 -8.40171
-18.0965 -8.51559
-18.0427 -8.62912
-17.9881 -8.74232
-17.9328 -8.85516
-17.8768 -8.96766
-17.8201 -9.07981
-17.7627 -9.1916
-17.7046 -9.30302
-17.6458 -9.41408
-17.5863 -9.52476
-17.5261 -9.63507
-17.4652 -9.745
-17.4037 -9.85455
-17.3414 -9.9637
-17.2785 -10.0725
-17.2148 -10.1808
-17.1505 -10.2888
-17.0855 -10.3963
-17.0199 -10.5035
-16.9536 -10.6102
-16.8866 -10.7165
-16.8189 -10.8224
-16.7506 -10.9279
-16.6816 -11.0329
-16.6119 -11.1375
-16.5416 -11.2417
-16.4707 -11.3454
-16.399 -11.4486
-16.3268 -11.5515
-16.2539 -11.6538
-16.1803 -11.7557
-16.1062 -11.8571
-16.0313 -11.9581
-15.9559 -12.0586
-15.8798 -12.1586
-15.8031 -12.2581
-15.7258 -12.3572
-15.6478 -12.4558
-15.5692 -12.5538
-15.4901 -12.6514
-15.4103 -12.7485
-15.3299 -12.8451
-15.2489 -12.9411
-15.1672 -13.0367
-15.085 -13.1317
-15.0022 -13.2262
-14.9188 -13.3202
-14.8348 -13.4137
-14.7503 -13.5067
-14.6651 -13.5991
-14.5794 -13.6909
-14.4931 -13.7823
-14.4062 -13.8731
-14.3187 -13.9633
-14.2307 -14.053
-14.1421 -14.1421
-14.053 -14.2307
-13.9633 -14.3187
-13.8731 -14.4062
-13.7823 -14.4931
-13.6909 -14.5794
-13.5991 -14.6651
-13.5067 -14.7503
-13.4137 -14.8348
-13.3202 -14.9188
-13.2262 -15.0022
-13.1317 -15.085
-13.0367 -15.1672
-12.9411 -15.2489
-12.8451 -15.3299
-12.7485 -15.4103
-12.6514 -15.4901
-12.5538 -15.5692
-12.4558 -15.6478
-12.3572 -15.7258
-12.2581 -15.8031
-12.1586 -15.8798
-12.0586 -15.9559
-11.9581 -16.0313
-11.8571 -16.1062
-11.7557 -16.1803
-11.6538 -16.2539
-11.5515 -16.3268
-11.4486 -16.399
-11.3454 -16.4707
-11.2417 -16.5416
-11.1375 -16.6119
-11.0329 -16.6816
-10.9279 -16.7506
-10.8224 -16.8189
-10.7165 -16.8866
-10.6102 -16.9536
-10.5035 -17.0199
-10.3963 -17.0855
-10.2888 -17.1505
-10.1808 -17.2148
-10.0725 -17.2785
-9.9637 -17.3414
-9.85455 -17.4037
-9.745 -17.4652
-9.63507 -17.5261
-9.52476 -17.5863
-9.41408 -17.6458
-9.30302 -17.7046
-9.1916 -17.7627
-9.07981 -17.8201
-8.96766 -17.8768
-8.85516 -17.9328
-8.74232 -17.9881
-8.62912 -18.0427
-8.51559 -18.0965
-8.40171 -18.1497
-8.28751 -18.2021
-8.17298 -18.2538
-8.05813 -18.3048
-7.94296 -18.3551
-7.82747 -18.4046
-7.71168 -18.4535
-7.59558 -18.5015
-7.47918 -18.5489
-7.36249 -18.5955
-7.24551 -18.6414
-7.12824 -18.6866
-7.01069 -18.731
-6.89286 -18.7747
-6.77476 -18.8176
-6.65639 -18.8598
-6.53776 -18.9013
-6.41887 -18.942
-6.29973 -18.9819
-6.18034 -19.0211
-6.06071 -19.0596
-5.94083 -19.0973
-5.82072 -19.1342
-5.70039 -19.1704
-5.57982 -19.2059
-5.45904 -19.2406
-5.33804 -19.2745
-5.21683 -19.3076
-5.09541 -19.34
-4.9738 -19.3717
-4.85198 -19.4025
-4.72998 -19.4326
-4.60779 -19.462
-4.48542 -19.4905
-4.36286 -19.5183
-4.24014 -19.5454
-4.11725 -19.5716
-3.9942 -19.5971
-3.87099 -19.6218
-3.74763 -19.6457
-3.62412 -19.6689
-3.50046 -19.6913
-3.37667 -19.7129
-3.25274 -19.7337
-3.12869 -19.7538
-3.00451 -19.773
-2.88022 -19.7915
-2.75581 -19.8092
-2.63129 -19.8262
-2.50666 -19.8423
-2.38194 -19.8577
-2.25713 -19.8722
-2.13222 -19.886
-2.00723 -19.899
-1.88217 -19.9112
-1.75702 -19.9227
-1.63181 -19.9333
-1.50654 -19.9432
-1.3812 -19.9523
-1.25581 -19.9605
-1.13037 -19.968
-1.00489 -19.9747
-0.879362 -19.9807
-0.753804 -19.9858
-0.628215 -19.9901
-0.502602 -19.9937
-0.376969 -19.9964
-0.251321 -19.9984
-0.125663 -19.9996
-3.67394e-15 -20
0.125663 -19.9996
0.251321 -19.9984
0.376969 -19.9964
0.502602 -19.9937
0.628215 -19.9901
0.753804 -19.9858
0.879362 -19.9807
1.00489 -19.9747
1.13037 -19.968
1.25581 -19.9605
1.3812 -19.9523
1.50654 -19.9432
1.63181 -19.9333
1.75702 -19.9227
1.88217 -19.9112
2.00723 -19.899
2.13222 -19.886
2.25713 -19.8722
2.38194 -19.8577
2.50666 -19.8423
2.63129 -19.8262
2.75581 -19.8092
2.88022 -19.7915
3.00451 -19.773
3.12869 -19.7538
3.25274 -19.7337
3.37667 -19.7129
3.50046 -19.6913
3.62412 -19.6689
3.74763 -19.6457
3.87099 -19.6218
3.9942 -19.5971
4.11725 -19.5716
4.24014 -19.5454
4.36286 -19.5183
4.48542 -19.4905
4.60779 -19.462
4.72998 -19.4326
4.85198 -19.4025
4.9738 -19.3717
5.09541 -19.34
5.21683 -19.3076
5.33804 -19.2745
5.45904 -19.2406
5.57982 -19.2059
5.70039 -19.1704
5.82072 -19.1342
5.94083 -19.0973
6.06071 -19.0596
6.18034 -19.0211
6.29973 -18.9819
6.41887 -18.942
6.53776 -18.9013
6.65639 -18.8598
6.77476 -18.8176
6.89286 -18.7747
7.01069 -18.731
7.12824 -18.6866
7.24551 -18.6414
7.36249 -18.5955
7.47918 -18.5489
7.59558 -18.5015
7.71168 -18.4535
7.82747 -18.4046
7.94296 -18.3551
8.05813 -18.3048
8.17298 -18.2538
8.28751 -18.2021
8.40171 -18.1497
8.51559 -18.0965
8.62912 -18.0427
8.74232 -17.9881
8.85516 -17.9328
8.96766 -17.8768
9.07981 -17.8201
9.1916 -17.7627
9.30302 -17.7046
9.41408 -17.6458
9.52476 -17.5863
9.63507 -17.5261
9.745 -17.4652
9.85455 -17.4037
9.9637 -17.3414
10.0725 -17.2785
10.1808 -17.2148
10.2888 -17.1505
10.3963 -17.0855
10.5035 -17.0199
10.6102 -16.9536
10.7165 -16.8866
10.8224 -16.8189
10.9279 -16.7506
11.0329 -16.6816
11.1375 -16.6119
11.2417 -16.5416
11.3454 -16.4707
11.4486 -16.399
11.5515 -16.3268
11.6538 -16.2539
11.7557 -16.1803
11.8571 -16.1062
11.9581 -16.0313
12.0586 -15.9559
12.1586 -15.8798
12.2581 -15.8031
12.3572 -15.7258
12.4558 -15.6478
12.5538 -15.5692
12.6514 -15.4901
12.7485 -15.4103
12.8451 -15.3299
12.9411 -15.2489
13.0367 -15.1672
13.1317 -15.085
13.2262 -15.0022
13.3202 -14.9188
13.4137 -14.8348
13.5067 -14.7503
13.5991 -14.6651
13.6909 -14.5794
13.7823 -14.4931
13.8731 -14.4062
13.9633 -14.3187
14.053 -14.2307
14.1421 -14.1421
14.2307 -14.053
14.3187 -13.9633
14.4062 -13.8731
14.4931 -13.7823
14.5794 -13.6909
14.6651 -13.5991
14.7503 -13.5067
14.8348 -13.4137
14.9188 -13.3202
15.0022 -13.2262
15.085 -13.1317
15.1672 -13.0367
15.2489 -12.9411
15.3299 -12.8451
15.4103 -12.7485
15.4901 -12.6514
15.5692 -12.5538
15.6478 -12.4558
15.7258 -12.3572
15.8031 -12.2581
15.8798 -12.1586
15.9559 -12.0586
16.0313 -11.9581
16.1062 -11.8571
16.1803 -11.7557
16.2539 -11.6538
16.3268 -11.5515
16.399 -11.4486
16.4707 -11.3454
16.5416 -11.2417
16.6119 -11.1375
16.6816 -11.0329
16.7506 -10.9279
16.8189 -10.8224
16.8866 -10.7165
16.9536 -10.6102
17.0199 -10.5035
17.0855 -10.3963
17.1505 -10.2888
17.2148 -10.1808
17.2785 -10.0725
17.3414 -9.9637
17.4037 -9.85455
17.4652 -9.745
17.5261 -9.63507
17.5863 -9.52476
17.6458 -9.41408
17.7046 -9.30302
17.7627 -9.1916
17.8201 -9.07981
17.8768 -8.96766
17.9328 -8.85516
17.9881 -8.74232
18.0427 -8.62912
18.0965 -8.51559
18.1497 -8.40171
18.2021 -8.28751
18.2538 -8.17298
18.3048 -8.05813
18.3551 -7.94296
18.4046 -7.82747
18.4535 -7.71168
18.5015 -7.59558
18.5489 -7.47918
18.5955 -7.36249
18.6414 -7.24551
18.6866 -7.12824
18.731 -7.01069
18.7747 -6.89286
18.8176 -6.77476
18.8598 -6.65639
18.9013 -6.53776
18.942 -6.41887
18.9819 -6.29973
19.0211 -6.18034
19.0596 -6.06071
19.0973 -5.94083
19.1342 -5.82072
19.1704 -5.70039
19.2059 -5.57982
19.2406 -5.45904
19.2745 -5.33804
19.3076 -5.21683
19.34 -5.09541
19.3717 -4.9738
19.4025 -4.85198
19.4326 -4.72998
19.462 -4.60779
19.4905 -4.48542
19.5183 -4.36286
19.5454 -4.24014
19.5716 -4.11725
19.5971 -3.9942
19.6218 -3.87099
19.6457 -3.74763
19.6689 -3.62412
19.6913 -3.50046
19.7129 -3.37667
19.7337 -3.25274
19.7538 -3.12869
19.773 -3.00451
19.7915 -2.88022
19.8092 -2.75581
19.8262 -2.63129
19.8423 -2.50666
19.8577 -2.38194
19.8722 -2.25713
19.886 -2.13222
19.899 -2.00723
19.9112 -1.88217
19.9227 -1.75702
19.9333 -1.63181
19.9432 -1.50654
19.9523 -1.3812
19.9605 -1.25581
19.968 -1.13037
19.9747 -1.00489
19.9807 -0.879362
19.9858 -0.753804
19.9901 -0.628215
19.9937 -0.502602
19.9964 -0.376969
19.9984 -0.251321
19.9996 -0.125663
20 -4.89859e-15
