1 997.395 26.035 3.68191
2 998.546 28.8595 2.88595
3 999.411 28.4231 2.32074
4 1000.59 29.0815 2.05637
5 1000.51 28.8493 1.82459
6 1000.24 28.5533 1.64852
7 1000.48 28.4018 1.51814
8 1000.3 28.7155 1.43578
9 1000.67 29.3126 1.38181
10 1000.72 29.4352 1.31638
11 999.464 29.5802 1.2613
12 998.948 30.0246 1.22575
13 999.523 30.1259 1.18163
14 999.781 30.2502 1.14335
15 999.574 29.9676 1.09426
16 1000.22 30.145 1.06579
17 1000.36 30.0457 1.03056
18 1000.51 29.8849 0.996163
19 1000.4 29.9578 0.971959
20 1000.16 30.0749 0.951052
21 1000.05 29.8531 0.921286
22 1000.05 29.6016 0.892522
23 999.945 29.5771 0.872182
24 999.843 29.4649 0.850578
25 999.563 29.4573 0.833177
26 999.668 29.4229 0.816043
27 999.745 29.485 0.802481
28 999.684 29.5035 0.788514
29 999.813 29.5639 0.776385
30 999.852 29.4616 0.760695
31 999.764 29.3975 0.746697
32 999.673 29.3682 0.734205
33 999.725 29.3312 0.722083
34 999.584 29.3737 0.712418
35 999.632 29.4581 0.704182
36 999.698 29.5971 0.697611
37 999.469 29.8275 0.693475
38 999.403 29.776 0.683109
39 999.46 29.7488 0.673678
40 999.254 29.7781 0.665858
41 999.27 29.8172 0.658553
42 999.202 29.7698 0.64963
43 999.152 29.6412 0.639258
44 999.249 29.6604 0.632363
45 999.152 29.6681 0.625459
46 998.99 29.6571 0.618393
47 999.015 29.5982 0.610565
48 999 29.6134 0.604481
49 998.99 29.6683 0.599391
50 998.975 29.752 0.595041
51 999.064 29.8942 0.591993
52 999.037 29.8627 0.585656
53 999.034 29.915 0.581121
54 999.023 29.8475 0.574416
55 999.186 29.8411 0.569048
56 999.183 29.8682 0.564455
57 999.315 29.8492 0.559128
58 999.361 29.822 0.553781
59 999.409 29.8243 0.54911
60 999.483 29.8135 0.544318
61 999.463 29.7878 0.539372
62 999.536 29.9316 0.537588
63 999.526 29.895 0.532652
64 999.497 29.8756 0.528131
65 999.451 29.8342 0.523326
66 999.433 29.789 0.51856
67 999.404 29.7946 0.514772
68 999.538 29.7832 0.510778
69 999.546 29.738 0.506294
70 999.415 29.7474 0.502824
71 999.462 29.7018 0.498504
72 999.615 29.807 0.496784
73 999.727 29.8062 0.493356
74 999.664 29.776 0.489515
75 999.713 29.7588 0.485959
76 999.694 29.7022 0.481833
77 999.725 29.7336 0.479201
78 999.736 29.7717 0.476729
79 999.793 29.8566 0.475053
80 999.742 29.8038 0.471239
81 999.729 29.8245 0.468646
82 999.667 29.8509 0.466193
83 999.671 29.8161 0.462836
84 999.617 29.8074 0.459938
85 999.593 29.8109 0.457278
86 999.675 29.7982 0.454419
87 999.67 29.8096 0.451972
88 999.618 29.8444 0.449922
89 999.567 29.8087 0.446852
90 999.607 29.7737 0.44384
91 999.572 29.7638 0.441249
92 999.513 29.7578 0.438755
93 999.523 29.7083 0.435663
94 999.572 29.7367 0.433755
95 999.518 29.7671 0.431906
96 999.494 29.8071 0.430229
97 999.472 29.81 0.428047
98 999.46 29.8234 0.426049
99 999.414 29.8113 0.423719
100 999.431 29.8032 0.421481
101 999.457 29.7995 0.419338
102 999.455 29.8298 0.4177
103 999.482 29.8732 0.416272
104 999.534 29.8641 0.414141
105 999.562 29.8574 0.412071
106 999.594 29.8583 0.410135
107 999.61 29.8471 0.408061
108 999.607 29.8418 0.406095
109 999.63 29.8133 0.403843
110 999.649 29.8121 0.401986
111 999.71 29.7905 0.399881
112 999.743 29.7806 0.397959
113 999.753 29.7828 0.396224
114 999.766 29.799 0.394697
115 999.797 29.7963 0.392942
116 999.741 29.7758 0.390975
117 999.686 29.7621 0.389122
118 999.722 29.7785 0.387683
119 999.742 29.746 0.38563
120 999.713 29.7408 0.383951
121 999.699 29.7473 0.382446
122 999.728 29.7569 0.380998
123 999.71 29.7735 0.379658
124 999.687 29.7521 0.377853
125 999.716 29.7803 0.376695
126 999.682 29.8163 0.375651
127 999.663 29.8338 0.374387
128 999.687 29.8569 0.373211
129 999.642 29.8692 0.371915
130 999.641 29.9068 0.370949
131 999.616 29.8933 0.369363
132 999.659 29.9247 0.368347
133 999.65 29.8925 0.366565
134 999.64 29.8888 0.36515
135 999.614 29.8828 0.363722
136 999.636 29.8727 0.36226
137 999.65 29.839 0.360528
138 999.652 29.8212 0.359005
139 999.639 29.8119 0.357599
140 999.626 29.8135 0.356339
141 999.636 29.8097 0.355029
142 999.676 29.7858 0.353493
143 999.656 29.7807 0.352195
144 999.684 29.7685 0.350825
145 999.695 29.7717 0.34965
146 999.66 29.7386 0.348064
147 999.715 29.7847 0.347416
148 999.729 29.7882 0.346281
149 999.704 29.7581 0.344768
150 999.69 29.7377 0.343381
151 999.678 29.7415 0.342286
152 999.679 29.7365 0.341101
153 999.681 29.7265 0.33987
154 999.715 29.7288 0.338791
155 999.741 29.7425 0.337852
156 999.728 29.7322 0.336651
157 999.731 29.7279 0.335528
158 999.734 29.7656 0.334889
159 999.74 29.7795 0.333991
160 999.753 29.7913 0.333077
161 999.743 29.7964 0.332098
162 999.727 29.7861 0.330957
163 999.73 29.7832 0.329907
164 999.719 29.7651 0.3287
165 999.716 29.7684 0.32774
166 999.716 29.7775 0.326851
167 999.79 29.799 0.326105
168 999.84 29.8011 0.325156
169 999.841 29.7838 0.324005
170 999.846 29.7732 0.322936
171 999.853 29.7594 0.321841
172 999.807 29.7576 0.320885
173 999.801 29.7605 0.319987
174 999.813 29.785 0.319329
175 999.85 29.7903 0.318472
176 999.858 29.8087 0.317761
177 999.885 29.8299 0.317089
178 999.885 29.8262 0.316158
179 999.882 29.8149 0.315153
180 999.861 29.8152 0.31428
181 999.846 29.8303 0.313569
182 999.815 29.8517 0.312931
183 999.825 29.826 0.311806
184 999.858 29.8128 0.31082
185 999.849 29.7981 0.309825
186 999.84 29.8074 0.309088
187 999.844 29.8035 0.30822
188 999.854 29.7799 0.307156
189 999.861 29.7797 0.306341
190 999.862 29.7691 0.305425
191 999.888 29.7509 0.304438
192 999.903 29.7671 0.303809
193 999.916 29.7614 0.302963
194 999.902 29.7427 0.301991
195 999.906 29.7312 0.3011
196 999.918 29.7669 0.300691
197 999.919 29.7637 0.299895
198 999.925 29.7463 0.298962
199 999.931 29.755 0.298297
200 999.937 29.7679 0.297679
201 999.926 29.7742 0.297
202 999.943 29.7977 0.296499
203 999.957 29.8071 0.29586
204 999.946 29.8314 0.295375
205 999.927 29.8333 0.294672
206 999.962 29.8291 0.293915
207 999.948 29.8192 0.293106
208 999.946 29.8072 0.292284
209 999.944 29.8136 0.291646
210 999.966 29.8137 0.290952
211 999.943 29.8263 0.290384
212 999.937 29.8482 0.289911
213 999.943 29.8565 0.28931
214 999.928 29.8425 0.288498
215 999.894 29.8378 0.287781
216 999.864 29.8417 0.287152
217 999.899 29.8287 0.286364
218 999.885 29.8303 0.285723
219 999.897 29.8414 0.285175
220 999.921 29.8668 0.284768
221 999.906 29.874 0.284193
222 999.917 29.8658 0.283474
223 999.95 29.8827 0.282998
224 999.967 29.8843 0.28238
225 999.97 29.8728 0.281643
226 999.976 29.878 0.281068
227 1000.01 29.8886 0.280548
228 999.992 29.8932 0.279976
229 999.987 29.8764 0.279207
230 999.944 29.9084 0.278897
231 999.945 29.9101 0.278309
232 999.954 29.9208 0.277807
233 999.982 29.9196 0.277199
234 999.963 29.922 0.276629
235 999.977 29.9276 0.276091
236 999.984 29.9362 0.275585
237 1000.01 29.9368 0.275009
238 1000.04 29.9302 0.27437
239 1000.02 29.9526 0.274
240 1000.01 29.9648 0.27354
241 1000 29.969 0.27301
242 1000.03 29.9504 0.272276
243 1000.03 29.9355 0.271581
244 1000.02 29.9274 0.27095
245 1000.03 29.9239 0.270364
246 1000.07 29.9237 0.269813
247 1000.09 29.9256 0.269283
248 1000.08 29.9134 0.26863
249 1000.07 29.9001 0.267971
250 1000.07 29.8997 0.267431
251 1000.07 29.8947 0.266853
252 1000.08 29.906 0.266424
253 1000.04 29.9076 0.265911
254 1000.04 29.9113 0.26542
255 1000.06 29.9128 0.264912
256 1000.07 29.9101 0.26437
257 1000.05 29.8943 0.263717
258 1000.05 29.8851 0.263124
259 1000.07 29.8762 0.262537
