Magnetfeld mT
201
26.0293
26.8107
27.7667
27.8475
26.5361
26.1697
26.7692
27.51
26.0163
26.8774
26.8144
26.8293
26.3188
26.7007
27.4503
27.3565
27.9909
26.3669
26.9973
27.2447
27.3974
27.5812
26.3441
27.7291
26.5053
27.8092
26.2024
27.8122
27.8188
26.1713
27.2357
27.4085
27.9223
27.1137
26.8849
27.2448
27.8018
27.6947
27.2237
26.6529
26.4081
26.5526
26.032
26.456
26.9626
26.2298
27.2167
27.0069
26.0934
26.2631
27.967
26.3278
27.7376
27.3013
26.3964
27.4579
26.504
26.7179
26.7474
27.0077
27.6197
26.4493
26.3379
27.7163
27.8903
27.0791
27.6454
26.3781
27.1559
27.3361
26.4534
27.9574
26.8754
26.3331
27.3023
27.2223
27.314
26.1614
27.5589
27.9799
27.4286
27.8783
26.7223
26.8297
27.246
26.3976
26.8639
26.8126
26.4604
26.7572
27.3873
27.3803
26.4407
27.8198
26.8926
27.8434
27.983
27.3513
27.5336
26.2027
27.9607
26.455
27.1989
27.6432
27.2535
26.5078
27.0954
27.968
26.4907
26.5258
26.3188
27.6585
27.626
26.8593
26.7797
26.9834
27.1064
26.1442
26.5508
27.576
27.8569
26.3795
26.7909
26.9084
26.7386
27.1772
27.5794
27.2616
27.4226
27.9625
26.313
26.968
27.7356
26.8535
27.9864
26.3767
26.1129
27.0618
27.7498
27.5912
27.2466
26.2379
26.8115
27.611
27.4006
26.3147
27.2696
27.9115
27.1527
27.9336
27.4928
27.5573
26.0358
26.4658
26.1467
27.1363
27.1439
26.0228
26.2722
27.594
27.5177
26.4137
26.2041
26.8397
27.2077
26.4676
26.5069
26.8002
26.0462
26.8154
27.2657
27.7903
26.5567
26.9232
27.4337
27.7981
27.218
26.7828
26.1589
26.5782
26.5361
26.8246
26.2252
27.6244
26.1811
27.183
26.8144
27.3089
26.8705
27.6583
27.2949
26.6707
26.3882
27.1743
27.2389
26.8085
27.8658
27.1896
26.5493
26.9271
26.4213
