Druck MPa
137
82.1232
82.1878
80.9746
79.3951
79.243
81.7792
81.3834
80.9909
81.2017
80.6479
81.9802
80.2871
79.0832
79.5956
82.1431
81.9919
79.1014
80.2399
81.4595
79.3501
82.0282
79.6886
82.0088
79.3154
81.9507
81.8938
81.4406
80.6347
81.2326
80.596
79.9524
81.9107
81.6062
79.8855
79.2644
81.525
80.0874
79.5221
80.0404
81.4756
81.555
81.1066
79.4816
82.0452
80.9643
79.1135
81.5272
81.5426
80.1561
81.6364
80.339
79.3968
79.6028
79.2568
82.1788
81.5519
79.3045
79.7616
80.4914
80.4303
80.4538
80.6669
80.3535
79.0921
79.087
81.0254
79.4539
81.6809
82.1801
79.1335
80.1223
79.8902
81.8
81.8498
79.8777
79.506
81.0393
79.0396
80.91
81.2566
81.2915
82.2462
80.1444
81.4067
79.4356
79.9455
81.7939
80.5198
80.7209
79.5007
79.431
80.3161
81.8178
80.7947
82.1793
81.6747
79.3063
82.2909
79.3425
80.5071
79.8295
80.1255
80.5682
81.1076
80.529
82.0966
81.1147
81.3912
79.3167
82.3497
79.9251
80.8034
80.7892
80.2705
80.7096
81.892
80.9701
81.3374
81.4113
80.2695
80.3033
81.6183
81.2352
80.7757
79.6309
80.5788
79.4323
79.5039
80.0895
81.7692
80.6725
81.5021
81.3323
80.2099
79.6308
81.3024
81.94
