Temperatur K
1027
0.756104
0.755378
0.802285
0.793688
0.784101
0.772439
0.79631
0.752699
0.751856
0.809036
0.800342
0.782999
0.790903
0.806265
0.786994
0.773874
0.779165
0.809872
0.806349
0.794066
0.794864
0.758335
0.80201
0.779648
0.757249
0.781889
0.801362
0.803717
0.775568
0.798073
0.759448
0.805143
0.765875
0.793727
0.759376
0.805153
0.793224
0.777451
0.783241
0.791994
0.803499
0.750641
0.772861
0.789573
0.776127
0.80623
0.762265
0.768997
0.785501
0.76988
0.766733
0.800628
0.773083
0.754934
0.774893
0.762927
0.753667
0.80932
0.766749
0.762844
0.76057
0.806464
0.791306
0.787968
0.782734
0.753767
0.800868
0.775656
0.781441
0.799332
0.755765
0.78145
0.809678
0.777427
0.80304
0.764143
0.806816
0.766082
0.789869
0.807919
0.798828
0.807173
0.761545
0.770748
0.798713
0.767742
0.794512
0.79832
0.757303
0.797865
0.761219
0.776255
0.770776
0.80789
0.801471
0.767112
0.776282
0.774436
0.792555
0.789121
0.804926
0.755539
0.792097
0.787373
0.787087
0.795547
0.773208
0.797507
0.775881
0.755963
0.780804
0.802093
0.801964
0.782172
0.788618
0.781774
0.750747
0.785278
0.762904
0.790811
0.788307
0.787745
0.766003
0.761633
0.768561
0.807107
0.776927
0.761558
0.791585
0.755674
0.785616
0.751373
0.762288
0.783047
0.757435
0.769079
0.767096
0.783648
0.808547
0.784367
0.753087
0.776194
0.795644
0.785398
0.775001
0.785685
0.762473
0.780657
0.760455
0.781454
0.776716
0.77644
0.787008
0.781654
0.768101
0.804836
0.78452
0.795562
0.760995
0.794901
0.757208
0.777556
0.795999
0.789805
0.755358
0.783405
0.756588
0.761411
0.803376
0.79983
0.767985
0.799756
0.808745
0.787155
0.804233
0.785795
0.794102
0.767845
0.80548
0.806159
0.808925
0.77807
0.796594
0.792335
0.801849
0.804115
0.772228
0.79311
0.786487
0.795205
0.809112
0.752776
0.772125
0.787563
0.762737
0.76946
0.75355
0.782804
0.795459
0.777979
0.759612
0.805841
0.777014
0.776272
0.77696
0.76936
0.772574
0.809403
0.751672
0.79273
0.752409
0.758298
0.782784
0.780785
0.762839
0.782349
0.800504
0.791893
0.782158
0.807701
0.769011
0.793881
0.764569
0.769239
0.763686
0.801003
0.755103
0.797762
0.803519
0.781724
0.805166
0.798446
0.762625
0.759832
0.778609
0.774782
0.775579
0.762207
0.786177
0.75675
0.754898
0.802401
0.754851
0.803601
0.791734
0.768103
0.756085
0.750847
0.790103
0.751866
0.78677
0.763072
0.777001
0.752908
0.777088
0.790156
0.771855
0.774347
0.755939
0.77508
0.77582
0.809118
0.808089
0.773841
0.782812
0.799143
0.785304
0.795447
0.768961
0.804965
0.782664
0.769504
0.751687
0.762994
0.753467
0.798542
0.757551
0.763809
0.773302
0.783653
0.764346
0.772329
0.766434
0.796483
0.758664
0.79085
0.771063
0.760451
0.805212
0.769293
0.7778
0.784335
0.800602
0.786537
0.766255
0.775009
0.774919
0.799657
0.805194
0.787355
0.77827
0.755533
0.760149
0.755158
0.755146
0.767838
0.76262
0.78104
0.757154
0.805269
0.790471
0.769042
0.773763
0.766761
0.767466
0.769365
0.751332
0.77063
0.778897
0.799811
0.796865
0.780113
0.782406
0.757164
0.774269
0.770227
0.805784
0.789083
0.804933
0.803217
0.783625
0.771923
0.751366
0.786871
0.769402
0.773639
0.800243
0.750719
0.802844
0.761303
0.798804
0.796721
0.790042
0.794414
0.776844
0.770078
0.807561
0.754529
0.780514
0.77915
0.76062
0.772761
0.7786
0.80852
0.773175
0.795264
0.768854
0.804407
0.80187
0.792367
0.76267
0.787811
0.769725
0.753524
0.80748
0.790853
0.779903
0.77289
0.758367
0.759651
0.783198
0.802186
0.767902
0.797108
0.779086
0.774001
0.77236
0.779296
0.806015
0.806817
0.797899
0.787886
0.789114
0.784286
0.802858
0.777739
0.77057
0.802875
0.754155
0.773486
0.791575
0.761097
0.791496
0.759829
0.754917
0.755603
0.801924
0.809032
0.750872
0.76392
0.807
0.802503
0.757875
0.795355
0.755409
0.801414
0.765558
0.787053
0.765808
0.755335
0.766804
0.771348
0.751957
0.777713
0.75311
0.775027
0.799293
0.775203
0.797588
0.785496
0.750602
0.774891
0.800144
0.780027
0.755919
0.771547
0.772282
0.755013
0.789704
0.779671
0.769961
0.771824
0.798737
0.766945
0.773208
0.764457
0.796353
0.806381
0.803823
0.762781
0.80328
0.786403
0.751312
0.788321
0.756278
0.791269
0.752672
0.804917
0.763817
0.777494
0.764976
0.761162
0.770688
0.793028
0.792314
0.781039
0.78429
0.760898
0.799129
0.792026
0.767968
0.757144
0.793107
0.79422
0.788228
0.793342
0.80781
0.794389
0.79126
0.75033
0.774676
0.766681
0.753325
0.786952
0.751908
0.755168
0.780932
0.790316
0.765938
0.795396
0.755529
0.773209
0.791247
0.798254
0.778134
0.759198
0.751732
0.78672
0.780515
0.799461
0.78065
0.763599
0.761896
0.763589
0.800266
0.771706
0.807968
0.776767
0.76238
0.783206
0.754988
0.79782
0.801062
0.761001
0.765963
0.801347
0.775295
0.76173
0.764904
0.774161
0.794451
0.779176
0.771467
0.798335
0.796189
0.801025
0.784955
0.791187
0.760133
0.782684
0.763828
0.794564
0.763486
0.767627
0.770083
0.784725
0.802535
0.805311
0.770579
0.784583
0.784127
0.775749
0.753009
0.787312
0.801132
0.801962
0.764015
0.789195
0.753923
0.770595
0.802064
0.782886
0.808327
0.768603
0.778679
0.786233
0.75894
0.773203
0.786353
0.779794
0.782787
0.755994
0.75568
0.751934
0.757255
0.769007
0.76215
0.755407
0.807634
0.773481
0.774817
0.757054
0.777395
0.806121
0.779462
0.771523
0.778965
0.753032
0.750653
0.801029
0.766847
0.800544
0.75582
0.805229
0.805103
0.754113
0.801494
0.758824
0.761789
0.803005
0.800414
0.800468
0.770637
0.774904
0.788879
0.764426
0.802132
0.768435
0.784212
0.802248
0.752363
0.783044
0.785947
0.795833
0.805278
0.766803
0.777921
0.77146
0.780052
0.791366
0.768814
0.787124
0.764376
0.766664
0.790371
0.769953
0.783021
0.76818
0.773194
0.792881
0.751734
0.767366
0.802175
0.790772
0.760786
0.796858
0.783379
0.765575
0.750492
0.786612
0.758492
0.794963
0.781177
0.782189
0.801697
0.787039
0.806616
0.763597
0.808567
0.775762
0.764029
0.792409
0.758793
0.771219
0.755859
0.780654
0.759772
0.809354
0.77409
0.78872
0.776285
0.763579
0.796471
0.779151
0.759626
0.809143
0.762147
0.802738
0.755865
0.776172
0.781772
0.750692
0.773647
0.774772
0.771249
0.772406
0.767777
0.805299
0.782146
0.777282
0.807617
0.794402
0.771979
0.780823
0.808776
0.793224
0.786939
0.761682
0.760261
0.780209
0.796384
0.778382
0.791261
0.767972
0.758276
0.772472
0.791018
0.785772
0.787762
0.769826
0.751565
0.780146
0.804393
0.808189
0.778418
0.759452
0.766214
0.755011
0.801547
0.767843
0.801117
0.795927
0.809274
0.755218
0.797763
0.77105
0.775412
0.762632
0.775882
0.75755
0.785924
0.772796
0.778074
0.763585
0.789731
0.780678
0.765282
0.803764
0.768082
0.783076
0.788879
0.802755
0.785449
0.805265
0.804594
0.785844
0.804349
0.806075
0.764611
0.80538
0.794359
0.803758
0.757289
0.751432
0.783165
0.803324
0.801165
0.797013
0.764863
0.792703
0.781846
0.807028
0.800355
0.774597
0.756638
0.766889
0.807052
0.802328
0.755722
0.805145
0.805097
0.806623
0.791521
0.769527
0.78112
0.796995
0.798931
0.802019
0.766631
0.775197
0.773646
0.79218
0.759711
0.771078
0.772093
0.806707
0.771683
0.751478
0.76589
0.809471
0.759194
0.753741
0.78447
0.759053
0.772122
0.794568
0.763361
0.752835
0.775727
0.780136
0.772104
0.79618
0.799066
0.794653
0.79419
0.787399
0.761328
0.753913
0.789021
0.763412
0.781098
0.803678
0.773097
0.756485
0.779173
0.774874
0.777008
0.786302
0.796354
0.779707
0.752541
0.798772
0.756303
0.753826
0.796483
0.806856
0.80563
0.783232
0.754509
0.771728
0.799218
0.752844
0.759708
0.770424
0.797597
0.792991
0.768039
0.776747
0.767439
0.778472
0.809635
0.784891
0.750502
0.768238
0.750124
0.775226
0.77748
0.795163
0.801287
0.802383
0.791062
0.805631
0.787331
0.750505
0.802307
0.758876
0.76652
0.766857
0.804124
0.773336
0.776042
0.799717
0.765002
0.783148
0.781007
0.799874
0.763406
0.785789
0.799252
0.79972
0.765905
0.77264
0.767261
0.766372
0.788879
0.80723
0.760975
0.755529
0.808074
0.782617
0.763345
0.797232
0.791163
0.773985
0.797505
0.783211
0.751464
0.780215
0.778117
0.787545
0.799054
0.777456
0.758392
0.799268
0.800999
0.794315
0.763176
0.758936
0.785178
0.771191
0.76146
0.777095
0.78034
0.753251
0.763321
0.751745
0.795601
0.760669
0.76277
0.774328
0.75513
0.766885
0.790883
0.780315
0.772326
0.761285
0.807001
0.792112
0.790809
0.786843
0.803903
0.777561
0.79037
0.801127
0.753905
0.76401
0.77978
0.753842
0.766848
0.794268
0.795856
0.757834
0.788554
0.753922
0.787903
0.797621
0.750331
0.805197
0.773259
0.795837
0.770966
0.783202
0.790659
0.777096
0.793219
0.808638
0.757956
0.777301
0.778506
0.753818
0.775309
0.806305
0.754235
0.785786
0.762865
0.791563
0.75414
0.798069
0.794215
0.774855
0.789814
0.758218
0.755148
0.78904
0.754017
0.775795
0.76191
0.7914
0.800861
0.787633
0.78433
0.764464
0.778134
0.807833
0.785658
0.771913
0.794065
0.760103
0.757706
0.758605
0.799037
0.798146
0.783101
0.76157
0.788215
0.776402
0.759651
0.808148
0.797018
0.772818
0.806616
0.788785
0.783654
0.793991
0.771567
0.753032
0.770479
0.777446
0.795735
0.800366
0.800499
0.796493
0.78547
0.786635
0.791254
0.783837
0.751249
0.797571
0.785154
0.762924
0.76076
0.765133
0.779439
0.800838
0.755467
0.800942
0.77892
0.782458
0.800988
0.803032
0.801088
0.758949
0.792591
0.766135
0.773589
0.784422
0.79076
0.770167
0.768643
0.773164
0.809044
0.770375
0.752195
0.794406
0.755686
0.79172
0.759274
0.762384
0.795403
0.771176
0.801771
0.805494
0.805512
0.773174
0.777445
0.757548
0.774665
0.760054
0.808821
0.777179
0.792283
0.799883
0.774173
0.795127
0.784717
0.780115
0.755818
