0 0.001
1 0.0005
2 0.0003
3 0.0008
4 0.0005
5 0.0008
6 0.0003
7 0.0004
8 0.0006
9 0.0006
10 0.0013
11 0.0003
12 0.0008
13 0.0004
14 0.0001
15 0.001
16 0.0008
17 0.0008
18 0.0003
19 0.0007
20 0.0006
21 0.001
22 0.0005
23 0.0009
24 0.0007
25 0.0008
26 0.0005
27 0.0007
28 0.0009
29 0.0006
30 0.0005
31 0.0005
32 0.0004
33 0.0006
34 0.0007
35 0.001
36 0.0004
37 0.0012
38 0.0007
39 0.0003
40 0.001
41 0.0008
42 0.0001
43 0.0002
44 0.0009
45 0.0008
46 0.0004
47 0.0008
48 0.0007
49 0.0003
50 0.0004
51 0.0006
52 0.0005
53 0.0004
54 0.001
55 0.0007
56 0.0005
57 0.0003
58 0.0004
59 0.0009
60 0.0009
61 0.0011
62 0.0002
63 0.0008
64 0.0005
65 0.0003
66 0.0005
67 0.0011
68 0.0017
69 0.0007
70 0.0008
71 0.0007
72 0.0009
73 0.0006
74 0.0006
75 0.0005
76 0.0011
77 0.001
78 0.0008
79 0.0006
80 0.0004
81 0.0005
82 0.0003
83 0.0007
84 0.001
85 0.0008
86 0.0008
87 0.0005
88 0.0007
89 0.0001
90 0.0004
91 0.001
92 0.0009
93 0.0007
94 0.0009
95 0.0002
96 0.0004
97 0.0008
98 0.0005
99 0.0009
100 0.0007
101 0.0004
102 0.0004
103 0.0005
104 0.0008
105 0.0005
106 0.0004
107 0.0006
108 0.0005
109 0.0003
110 0.0006
111 0.0006
112 0.0005
113 0.0002
114 0.0005
115 0.0004
116 0.0005
117 0.0007
118 0.0008
119 0.0003
120 0.0001
121 0.0006
122 0.0006
123 0.0005
124 0.0009
125 0.0006
126 0.0004
127 0.0002
128 0.0009
129 0.0005
130 0.0005
131 0.0007
132 0.0004
133 0.0006
134 0.0004
135 0.0009
136 0.0003
137 0.0004
138 0.0011
139 0.0003
140 0.0008
141 0.0005
142 0.0006
143 0.0007
144 0.0003
145 0.0006
146 0.0005
147 0.0005
148 0.0003
149 0.0007
150 0.001
151 0.0006
152 0.0004
153 0.0002
154 0.0006
155 0.0003
156 0.0002
157 0.0004
158 0.0001
159 0.0003
160 0.0008
161 0.0005
162 0.0004
163 0.0003
164 0.0008
165 0.0004
166 0.0005
167 0.0012
168 0.0004
169 0.0004
170 0.0004
171 0.0003
172 0.0006
173 0.0002
174 0.0001
175 0.0004
176 0.0011
177 0.0008
178 0.0007
179 0.0003
180 0.0005
181 0.0004
182 0.0009
183 0.0002
184 0.0004
185 0.0005
186 0.0003
187 0.0004
188 0.0003
189 0.0003
190 0.0004
191 0.0007
192 0.0004
193 0.0004
194 0.0007
195 0.0004
196 0.0005
197 0.0006
198 0.001
199 0.0002
200 0.0008
201 0.0001
202 0.0004
203 0.0004
204 0.0008
205 0.0004
206 0.0009
207 0.0003
208 0.001
209 0.0005
210 0.0005
211 0.0006
212 0.0005
213 0.0009
214 0.0004
215 0.0002
216 0.0004
217 0.0005
218 0.0006
219 0.0004
220 0.0006
221 0.0006
222 0.0005
223 0.0007
224 0.0003
225 0.0005
226 0.0005
227 0.0004
228 0.0003
229 0.001
230 0.0005
231 0.0002
232 0.0004
233 0.0006
234 0.0004
235 0.0003
236 0.0003
237 0.0006
238 0.0005
239 0.0006
240 0.0001
241 0.0004
242 0.0006
243 0.0008
244 0.0007
245 0.0006
246 0.0008
247 0.0003
248 0.0005
249 0.0006
250 0.0005
251 0.0002
252 0.0008
253 0.0006
254 0.0005
255 0.0003
256 0.0003
257 0.0006
258 0.0004
259 0.0006
260 0.001
261 0.0008
262 0.0004
263 0.0003
264 0.0003
265 0.0012
266 0.0003
267 0.0003
268 0.0002
269 0.0008
270 0.0006
271 0.0007
272 0.0006
273 0.0006
274 0.0005
275 0.0002
276 0.0005
277 0.0007
278 0.0003
279 0.0007
280 0.0004
281 0.0007
282 0.0005
283 0.0011
284 0.0004
285 0.0004
286 0.0005
287 0.0005
288 0.0009
289 0.0005
290 0.0009
291 0.0004
292 0.0006
293 0.0007
294 0.0009
295 0.0006
296 0.0006
297 0.0009
298 0.0005
299 0.0008
300 0.0004
301 0.0004
302 0.0003
303 0.0005
304 0.0008
305 0.0005
306 0.0007
307 0.0008
308 0.0002
309 0.0004
310 0.0005
311 0.0007
312 0.0008
313 0.0008
314 0.0009
315 0.0008
316 0.0005
317 0.0005
318 0.0009
319 0.0005
320 0.0008
321 0.0006
322 0.0005
323 0.0006
324 0.0005
325 0.0006
326 0.0002
327 0.0004
328 0.0005
330 0.0006
331 0.0001
332 0.0003
333 0.0004
334 0.0004
335 0.0005
337 0.0009
338 0.0006
339 0.0002
340 0.0006
341 0.0006
342 0.0004
343 0.0009
344 0.0007
345 0.0007
346 0.0005
347 0.0003
348 0.0009
349 0.0007
350 0.0006
351 0.0004
352 0.0005
353 0.0003
354 0.0005
355 0.0004
356 0.0006
357 0.0004
358 0.0007
359 0.0001
360 0.0003
361 0.0002
362 0.0002
364 0.0004
365 0.0002
366 0.0006
367 0.0006
368 0.0004
369 0.0005
370 0.0002
371 0.0004
372 0.0006
373 0.0003
374 0.0007
375 0.0004
376 0.0007
377 0.0001
378 0.0006
379 0.0002
380 0.0006
381 0.0006
382 0.0006
383 0.0005
384 0.0005
385 0.0007
386 0.0004
387 0.0001
388 0.0006
389 0.0006
390 0.0004
391 0.0008
392 0.0004
393 0.0006
394 0.0008
395 0.0006
396 0.0004
397 0.0004
398 0.0008
399 0.0004
400 0.0007
401 0.0006
402 0.0003
403 0.0006
404 0.0005
405 0.0002
406 0.0006
407 0.001
408 0.0005
409 0.0003
410 0.0003
411 0.0006
412 0.0006
413 0.0006
414 0.0006
415 0.0003
416 0.0004
417 0.0007
418 0.0004
419 0.0004
420 0.0003
421 0.0002
422 0.0006
423 0.0003
424 0.0006
425 0.0001
426 0.0003
427 0.0004
428 0.0006
429 0.0003
430 0.0003
431 0.0004
432 0.0003
433 0.0007
434 0.0007
435 0.0005
436 0.0006
437 0.0006
438 0.0008
439 0.0002
440 0.0005
441 0.0003
442 0.0003
443 0.0005
444 0.0005
445 0.0006
446 0.0003
447 0.0005
448 0.0003
449 0.0004
450 0.0001
451 0.0005
452 0.0002
453 0.0005
454 0.0007
455 0.0006
456 0.0002
457 0.0003
458 0.0005
459 0.0006
460 0.0004
461 0.0005
462 0.0005
463 0.0005
464 0.0008
465 0.0003
466 0.0005
467 0.0005
468 0.0002
469 0.0007
470 0.0009
471 0.0008
472 0.0004
473 0.0007
474 0.0006
475 0.0006
476 0.0002
477 0.0002
478 0.0007
479 0.0004
480 0.0006
481 0.0004
482 0.0002
483 0.0004
484 0.0006
485 0.0005
486 0.0002
487 0.0002
488 0.0005
489 0.0003
490 0.0006
491 0.0005
492 0.0005
493 0.001
494 0.0003
495 0.0002
496 0.0004
497 0.0004
498 0.0003
499 0.0005
500 0.0001
501 0.0004
502 0.0003
503 0.0003
504 0.0004
505 0.0003
506 0.0004
507 0.0006
508 0.0005
510 0.0005
511 0.0004
512 0.0004
513 0.0004
514 0.0006
515 0.0004
516 0.0004
517 0.0004
518 0.0007
519 0.0002
520 0.0003
521 0.0008
522 0.0003
523 0.0005
524 0.0006
525 0.0004
526 0.0004
527 0.0004
528 0.0011
529 0.0004
530 0.0006
531 0.0004
532 0.0006
533 0.0008
534 0.0009
535 0.0003
536 0.0003
537 0.0004
538 0.0003
539 0.0007
540 0.0003
541 0.0009
542 0.0005
543 0.0003
544 0.0001
545 0.0003
546 0.0005
547 0.0005
548 0.0002
549 0.0003
550 0.0004
551 0.0005
552 0.0002
553 0.0007
554 0.0003
555 0.0004
556 0.0006
557 0.0003
558 0.0005
559 0.0005
560 0.0001
561 0.0001
562 0.0008
563 0.0004
564 0.0002
565 0.0005
566 0.0006
567 0.0003
568 0.0006
569 0.0008
570 0.0004
571 0.0002
572 0.0004
573 0.0006
574 0.0003
575 0.0003
576 0.0004
577 0.0003
578 0.0003
579 0.0008
580 0.0003
581 0.0002
582 0.0005
583 0.0008
584 0.0003
585 0.0003
586 0.0003
587 0.0008
588 0.0004
589 0.0003
590 0.0003
591 0.0003
592 0.0005
593 0.0003
594 0.0005
595 0.0003
596 0.0003
597 0.0002
598 0.0004
599 0.0003
600 0.0003
601 0.0004
602 0.0003
603 0.0006
604 0.0005
605 0.0005
607 0.0005
608 0.0002
609 0.0008
610 0.0002
611 0.0007
612 0.0002
613 0.0003
614 0.0002
615 0.0007
616 0.0004
617 0.0004
618 0.0007
619 0.0002
620 0.0004
621 0.0007
622 0.0008
623 0.0005
624 0.0004
625 0.0004
626 0.0007
627 0.0002
628 0.0001
629 0.0005
630 0.0005
631 0.0004
633 0.0004
634 0.0006
635 0.0004
636 0.0001
637 0.0004
638 0.0006
639 0.0009
640 0.0008
641 0.0006
642 0.0003
643 0.0006
644 0.0002
645 0.0003
646 0.0004
647 0.0003
648 0.0006
649 0.0002
650 0.0005
651 0.0011
652 0.0003
653 0.0002
654 0.0006
655 0.0002
656 0.0003
657 0.0006
658 0.0006
659 0.0006
660 0.0004
661 0.0002
662 0.0003
663 0.0003
664 0.0005
666 0.0005
667 0.0004
668 0.0003
669 0.0002
670 0.0007
671 0.0004
672 0.0006
673 0.0001
674 0.0003
675 0.0004
676 0.0004
677 0.0003
678 0.0006
679 0.0005
680 0.0004
681 0.0005
682 0.0008
683 0.0005
684 0.0002
685 0.0003
686 0.0004
687 0.0005
688 0.0002
689 0.0008
690 0.0002
691 0.0005
692 0.0005
693 0.0004
694 0.0003
695 0.0006
696 0.0002
697 0.0007
699 0.0003
700 0.0001
701 0.0008
702 0.0005
703 0.0004
704 0.0005
705 0.0004
706 0.0006
707 0.0006
709 0.0002
710 0.0005
711 0.0004
712 0.0005
713 0.0007
714 0.0004
715 0.0003
716 0.0004
717 0.0005
718 0.0006
719 0.0007
720 0.0002
721 0.0003
722 0.0003
724 0.0003
725 0.0006
726 0.0001
727 0.0002
728 0.0004
729 0.0004
730 0.0007
731 0.0005
732 0.0006
733 0.0001
734 0.0002
735 0.0008
736 0.0004
737 0.0008
738 0.0004
739 0.0003
740 0.0003
741 0.0004
742 0.0003
743 0.0005
744 0.0002
745 0.0003
746 0.0001
747 0.0005
748 0.0005
749 0.0001
750 0.0005
751 0.0003
752 0.0004
753 0.0007
754 0.0007
755 0.0005
756 0.0004
757 0.0004
758 0.0005
759 0.0005
760 0.0007
761 0.0005
762 0.0002
763 0.0004
764 0.0005
765 0.0006
766 0.0006
767 0.0006
768 0.0005
769 0.0007
770 0.0002
771 0.0004
772 0.0003
773 0.0008
774 0.0002
775 0.0005
776 0.0002
777 0.0004
778 0.0002
779 0.0002
780 0.0006
781 0.0003
782 0.0004
783 0.0004
784 0.0002
785 0.0005
786 0.0008
787 0.0006
788 0.0005
790 0.0006
791 0.0001
792 0.0002
794 0.0006
795 0.0005
796 0.0003
797 0.0003
798 0.0005
799 0.0004
800 0.0002
801 0.0003
802 0.0005
803 0.0007
804 0.0002
805 0.0002
806 0.0003
807 0.0005
808 0.0001
809 0.0004
811 0.0003
812 0.0002
813 0.0005
814 0.0002
815 0.0004
816 0.0001
817 0.0003
818 0.0004
819 0.0002
820 0.0004
821 0.0006
822 0.0004
823 0.0005
824 0.0003
825 0.0003
827 0.0003
828 0.0004
829 0.0002
830 0.0002
831 0.0003
832 0.0004
833 0.0004
834 0.0003
835 0.0005
836 0.0005
837 0.0006
838 0.0005
839 0.0002
840 0.0005
841 0.0002
842 0.0007
843 0.0008
844 0.0004
845 0.0005
846 0.0002
847 0.0006
848 0.0003
849 0.0005
850 0.0003
851 0.0002
852 0.0006
853 0.0004
854 0.0003
855 0.0005
856 0.0004
857 0.0004
858 0.0002
859 0.0004
860 0.0004
861 0.0005
862 0.0003
863 0.0002
864 0.001
865 0.0007
866 0.0003
867 0.0001
868 0.0006
869 0.0002
870 0.0004
871 0.0004
872 0.0004
873 0.0004
875 0.0005
876 0.0003
877 0.0004
878 0.0002
879 0.0004
880 0.0005
881 0.0004
882 0.0005
883 0.0002
884 0.0002
885 0.0001
886 0.0002
887 0.0004
888 0.0003
889 0.0003
890 0.0003
891 0.0002
892 0.0003
893 0.0005
894 0.0001
895 0.0003
896 0.0003
897 0.0005
898 0.0004
899 0.0002
900 0.0004
901 0.0004
902 0.0006
903 0.0004
904 0.0003
905 0.0001
906 0.0008
907 0.0001
908 0.0002
909 0.0006
910 0.0005
911 0.0007
912 0.0006
913 0.0003
914 0.0004
915 0.0004
916 0.0006
917 0.0009
918 0.0004
919 0.0001
920 0.0005
921 0.0003
922 0.0002
923 0.0005
924 0.0001
925 0.0003
926 0.0004
927 0.0003
928 0.0003
929 0.0005
931 0.0001
932 0.0004
933 0.0002
934 0.0004
935 0.0003
936 0.0006
937 0.0003
938 0.0004
939 0.0004
940 0.0003
941 0.0003
942 0.0003
943 0.0005
944 0.0004
945 0.0003
946 0.0003
947 0.0003
948 0.0004
949 0.0001
950 0.0004
951 0.0004
952 0.0001
953 0.0004
954 0.0005
955 0.0004
957 0.0004
958 0.0003
959 0.0005
961 0.0006
962 0.0005
963 0.0004
964 0.0004
965 0.0005
966 0.0005
967 0.0002
968 0.0005
969 0.0005
970 0.0006
971 0.0003
972 0.0002
973 0.0003
974 0.0002
975 0.0007
976 0.0002
977 0.0003
978 0.0002
979 0.0001
980 0.0005
981 0.0001
982 0.0004
983 0.0003
984 0.0005
985 0.0003
986 0.0002
987 0.0003
988 0.0003
989 0.0006
990 0.0003
991 0.0002
992 0.0002
993 0.0003
994 0.0003
995 0.0002
996 0.0008
997 0.0002
998 0.0005
999 0.0003
1000 0.0007
1001 0.0003
1002 0.0003
1003 0.0002
1004 0.0004
1005 0.0003
1006 0.0005
1007 0.0003
1008 0.0005
1009 0.0005
1010 0.0003
1011 0.0002
1012 0.0003
1013 0.0002
1014 0.0003
1015 0.0003
1016 0.0004
1017 0.0001
1018 0.0002
1019 0.0004
1020 0.0004
1021 0.0004
1022 0.0001
1023 0.0006
1024 0.0003
1025 0.0002
1027 0.0004
1028 0.0004
1029 0.0001
1030 0.0003
1031 0.0005
1032 0.0004
1033 0.0001
1034 0.0003
1035 0.0006
1036 0.0003
1037 0.0002
1038 0.0003
1039 0.0002
1040 0.0003
1041 0.0003
1042 0.0001
1043 0.0004
1044 0.0003
1045 0.0003
1046 0.0002
1047 0.0001
1049 0.0005
1050 0.0004
1051 0.0001
1052 0.0007
1053 0.0002
1054 0.0002
1055 0.0001
1057 0.0004
1058 0.0004
1059 0.0003
1060 0.0002
1061 0.0006
1062 0.0008
1063 0.0004
1064 0.0002
1065 0.0005
1066 0.0007
1067 0.0003
1068 0.0003
1069 0.0004
1070 0.0002
1071 0.0001
1072 0.0003
1073 0.0003
1074 0.0003
1075 0.0002
1076 0.0004
1077 0.0002
1078 0.0005
1079 0.0003
1080 0.0006
1081 0.0004
1082 0.0007
1083 0.0003
1084 0.0004
1085 0.0001
1086 0.0001
1087 0.0002
1088 0.0002
1089 0.0002
1090 0.0003
1091 0.0004
1092 0.0001
1093 0.0005
1094 0.0002
1095 0.0005
1096 0.0002
1097 0.0003
1098 0.0002
1099 0.0004
1100 0.0004
1101 0.0001
1102 0.0003
1103 0.0004
1104 0.0001
1105 0.0002
1106 0.0005
1107 0.0004
1108 0.0001
1109 0.0002
1110 0.0005
1111 0.0001
1112 0.0004
1113 0.0004
1114 0.0005
1115 0.0004
1116 0.0006
1117 0.0002
1118 0.0002
1119 0.0002
1120 0.0002
1121 0.0004
1122 0.0003
1123 0.0003
1124 0.0005
1125 0.0004
1126 0.0007
1127 0.0004
1128 0.0006
1129 0.0002
1130 0.0004
1131 0.0003
1132 0.0001
1133 0.0003
1134 0.0002
1135 0.0007
1136 0.0003
1139 0.0004
1141 0.0004
1142 0.0002
1143 0.0004
1144 0.0002
1145 0.0004
1146 0.0004
1147 0.0003
1148 0.0005
1149 0.0002
1150 0.0002
1151 0.0002
1152 0.0002
1153 0.0001
1154 0.0006
1155 0.0003
1156 0.0004
1157 0.0004
1158 0.0002
1160 0.0001
1161 0.0001
1162 0.0006
1163 0.0005
1164 0.0005
1165 0.0003
1166 0.0004
1167 0.0002
1168 0.0004
1169 0.0005
1171 0.0002
1172 0.0005
1174 0.0004
1175 0.0002
1176 0.0001
1177 0.0002
1178 0.0001
1179 0.0004
1180 0.0005
1181 0.0005
1182 0.0002
1183 0.0004
1184 0.0002
1185 0.0003
1186 0.0003
1187 0.0003
1188 0.0004
1189 0.0003
1190 0.0004
1191 0.0002
1193 0.0002
1194 0.0004
1195 0.0002
1196 0.0001
1197 0.0004
1198 0.0002
1199 0.0002
1200 0.0005
1201 0.0005
1202 0.0006
1203 0.0001
1204 0.0005
1205 0.0005
1206 0.0003
1207 0.0002
1208 0.0001
1209 0.0003
1210 0.0003
1211 0.0003
1212 0.0001
1213 0.0001
1214 0.0003
1215 0.0003
1216 0.0006
1217 0.0002
1219 0.0002
1220 0.0002
1221 0.0003
1222 0.0003
1223 0.0001
1224 0.0003
1225 0.0002
1226 0.0003
1227 0.0004
1228 0.0004
1229 0.0003
1230 0.0003
1231 0.0006
1233 0.0002
1234 0.0002
1235 0.0006
1236 0.0006
1237 0.0002
1238 0.0005
1239 0.0006
1240 0.0002
1241 0.0007
1242 0.0005
1243 0.0001
1244 0.0004
1245 0.0005
1246 0.0002
1247 0.0003
1248 0.0004
1249 0.0004
1250 0.0003
1251 0.0001
1252 0.0004
1253 0.0002
1254 0.0001
1255 0.0003
1256 0.0004
1257 0.0003
1258 0.0001
1259 0.0003
1260 0.0001
1261 0.0003
1262 0.0002
1263 0.0009
1264 0.0003
1265 0.0004
1266 0.0002
1267 0.0008
1268 0.0004
1269 0.0002
1270 0.0001
1271 0.0001
1272 0.0003
1273 0.0001
1274 0.0003
1275 0.0002
1276 0.0002
1277 0.0001
1278 0.0003
1279 0.0003
1280 0.0001
1281 0.0002
1282 0.0003
1283 0.0003
1284 0.0002
1285 0.0006
1286 0.0003
1287 0.0004
1288 0.0004
1289 0.0003
1290 0.0002
1292 0.0003
1293 0.0003
1294 0.0001
1295 0.0003
1296 0.0003
1297 0.0005
1298 0.0004
1299 0.0002
1300 0.0003
1301 0.0002
1303 0.0007
1304 0.0004
1305 0.0002
1306 0.0004
1307 0.0004
1308 0.0001
1309 0.0005
1310 0.0003
1311 0.0003
1312 0.0003
1313 0.0004
1315 0.0003
1316 0.0005
1317 0.0002
1318 0.0002
1319 0.0002
1320 0.0003
1321 0.0003
1322 0.0004
1323 0.0003
1324 0.0001
1325 0.0004
1327 0.0001
1328 0.0006
1329 0.0001
1330 0.0002
1331 0.0002
1332 0.0002
1333 0.0003
1334 0.0001
1335 0.0001
1336 0.0002
1337 0.0005
1338 0.0002
1339 0.0003
1340 0.0005
1341 0.0002
1342 0.0002
1343 0.0003
1344 0.0003
1345 0.0004
1346 0.0006
1347 0.0001
1348 0.0005
1349 0.0002
1350 0.0001
1351 0.0003
1352 0.0002
1353 0.0002
1354 0.0005
1355 0.0001
1356 0.0001
1357 0.0005
1358 0.0001
1359 0.0005
1360 0.0004
1361 0.0003
1363 0.0006
1364 0.0001
1365 0.0001
1366 0.0003
1367 0.0001
1368 0.0003
1369 0.0002
1371 0.0001
1372 0.0002
1373 0.0001
1374 0.0001
1375 0.0002
1376 0.0001
1377 0.0002
1378 0.0002
1379 0.0002
1380 0.0003
1382 0.0002
1383 0.0001
1384 0.0005
1385 0.0005
1386 0.0006
1387 0.0001
1388 0.0003
1389 0.0002
1390 0.0003
1392 0.0001
1393 0.0004
1394 0.0003
1395 0.0001
1396 0.0003
1397 0.0002
1399 0.0003
1400 0.0004
1401 0.0003
1402 0.0003
1403 0.0004
1404 0.0004
1405 0.0004
1406 0.0004
1407 0.0003
1408 0.0001
1409 0.0001
1410 0.0002
1411 0.0001
1412 0.0001
1413 0.0002
1414 0.0002
1415 0.0003
1416 0.0003
1417 0.0003
1418 0.0004
1419 0.0004
1420 0.0003
1421 0.0005
1422 0.0002
1423 0.0001
1424 0.0008
1425 0.0001
1426 0.0003
1427 0.0004
1428 0.0003
1429 0.0004
1430 0.0003
1431 0.0003
1432 0.0004
1433 0.0002
1434 0.0002
1435 0.0001
1436 0.0003
1437 0.0001
1438 0.0002
1439 0.0001
1441 0.0006
1442 0.0002
1443 0.0001
1444 0.0002
1445 0.0001
1446 0.0004
1447 0.0005
1448 0.0002
1449 0.0002
1451 0.0002
1452 0.0002
1453 0.0003
1454 0.0002
1456 0.0001
1457 0.0001
1458 0.0001
1459 0.0001
1460 0.0001
1461 0.0005
1462 0.0002
1463 0.0006
1465 0.0002
1466 0.0001
1467 0.0008
1468 0.0003
1469 0.0005
1470 0.0002
1471 0.0001
1472 0.0005
1473 0.0004
1474 0.0003
1475 0.0001
1476 0.0001
1477 0.0003
1478 0.0001
1479 0.0005
1480 0.0002
1481 0.0001
1482 0.0001
1483 0.0002
1484 0.0007
1485 0.0002
1486 0.0001
1487 0.0004
1488 0.0003
1489 0.0003
1491 0.0002
1492 0.0002
1493 0.0002
1494 0.0001
1495 0.0001
1496 0.0001
1497 0.0004
1498 0.0003
1499 0.0002
1500 0.0003
1501 0.0001
1502 0.0001
1503 0.0006
1504 0.0002
1505 0.0003
1509 0.0004
1510 0.0004
1511 0.0002
1512 0.0002
1513 0.0003
1514 0.0003
1515 0.0002
1516 0.0001
1517 0.0004
1518 0.0005
1519 0.0005
1520 0.0001
1521 0.0001
1523 0.0005
1524 0.0001
1525 0.0003
1526 0.0003
1528 0.0003
1529 0.0005
1530 0.0002
1531 0.0001
1532 0.0001
1533 0.0003
1534 0.0003
1535 0.0005
1536 0.0002
1537 0.0002
1538 0.0003
1539 0.0004
1540 0.0003
1541 0.0001
1542 0.0004
1543 0.0007
1544 0.0001
1545 0.0002
1546 0.0002
1547 0.0002
1548 0.0006
1549 0.0002
1550 0.0003
1551 0.0001
1553 0.0004
1554 0.0002
1555 0.0003
1556 0.0002
1557 0.0004
1558 0.0004
1559 0.0002
1560 0.0001
1561 0.0002
1562 0.0001
1563 0.0001
1564 0.0004
1566 0.0003
1567 0.0002
1568 0.0002
1569 0.0004
1570 0.0002
1571 0.0004
1573 0.0003
1574 0.0001
1576 0.0001
1578 0.0004
1579 0.0006
1581 0.0001
1582 0.0002
1583 0.0003
1584 0.0001
1585 0.0001
1586 0.0002
1588 0.0004
1589 0.0001
1590 0.0001
1591 0.0003
1593 0.0002
1594 0.0001
1595 0.0003
1597 0.0002
1598 0.0003
1599 0.0002
1600 0.0003
1601 0.0001
1603 0.0001
1604 0.0004
1605 0.0001
1606 0.0005
1607 0.0001
1608 0.0005
1609 0.0004
1610 0.0002
1611 0.0001
1612 0.0002
1613 0.0006
1614 0.0001
1615 0.0003
1616 0.0005
1617 0.0003
1618 0.0003
1619 0.0003
1622 0.0003
1623 0.0002
1624 0.0001
1625 0.0001
1626 0.0001
1627 0.0001
1628 0.0002
1629 0.0002
1630 0.0004
1631 0.0002
1633 0.0002
1635 0.0001
1636 0.0001
1637 0.0003
1638 0.0002
1639 0.0002
1640 0.0002
1641 0.0003
1642 0.0001
1643 0.0005
1644 0.0001
1645 0.0003
1646 0.0002
1647 0.0003
1648 0.0001
1649 0.0001
1651 0.0004
1652 0.0002
1653 0.0001
1654 0.0003
1655 0.0004
1656 0.0002
1657 0.0002
1658 0.0002
1659 0.0004
1660 0.0001
1662 0.0001
1663 0.0003
1664 0.0002
1665 0.0002
1666 0.0001
1667 0.0003
1668 0.0002
1669 0.0004
1670 0.0003
1671 0.0001
1673 0.0002
1674 0.0002
1675 0.0003
1676 0.0002
1677 0.0004
1678 0.0002
1679 0.0002
1682 0.0001
1683 0.0005
1684 0.0006
1685 0.0002
1686 0.0004
1687 0.0002
1688 0.0002
1689 0.0005
1690 0.0001
1691 0.0005
1692 0.0005
1694 0.0008
1695 0.0002
1696 0.0001
1697 0.0004
1698 0.0002
1699 0.0003
1700 0.0004
1701 0.0002
1702 0.0001
1703 0.0001
1704 0.0004
1705 0.0004
1706 0.0003
1707 0.0003
1708 0.0007
1709 0.0002
1710 0.0001
1711 0.0003
1712 0.0003
1713 0.0004
1714 0.0002
1715 0.0003
1716 0.0003
1717 0.0005
1718 0.0001
1719 0.0001
1720 0.0002
1721 0.0002
1723 0.0003
1725 0.0001
1726 0.0002
1727 0.0001
1728 0.0003
1729 0.0001
1730 0.0002
1731 0.0001
1732 0.0001
1733 0.0003
1735 0.0004
1736 0.0004
1737 0.0001
1738 0.0004
1739 0.0003
1740 0.0001
1741 0.0006
1742 0.0001
1744 0.0003
1746 0.0004
1747 0.0002
1748 0.0004
1749 0.0003
1751 0.0005
1752 0.0001
1754 0.0001
1755 0.0004
1758 0.0003
1759 0.0003
1760 0.0004
1761 0.0004
1762 0.0001
1763 0.0002
1764 0.0002
1765 0.0003
1766 0.0004
1767 0.0001
1769 0.0003
1770 0.0001
1771 0.0002
1772 0.0004
1773 0.0001
1775 0.0003
1776 0.0001
1777 0.0003
1778 0.0002
1779 0.0003
1780 0.0004
1781 0.0002
1782 0.0004
1783 0.0003
1784 0.0001
1785 0.0003
1787 0.0001
1788 0.0004
1789 0.0001
1790 0.0004
1791 0.0001
1792 0.0001
1793 0.0004
1795 0.0001
1796 0.0002
1797 0.0001
1798 0.0001
1799 0.0003
1800 0.0003
1801 0.0002
1802 0.0002
1803 0.0001
1804 0.0001
1805 0.0002
1806 0.0004
1807 0.0003
1809 0.0001
1810 0.0001
1813 0.0003
1814 0.0002
1815 0.0002
1816 0.0007
1817 0.0002
1819 0.0001
1821 0.0003
1822 0.0004
1823 0.0002
1824 0.0001
1825 0.0001
1827 0.0002
1828 0.0002
1829 0.0005
1830 0.0003
1831 0.0004
1832 0.0004
1833 0.0001
1834 0.0002
1835 0.0001
1836 0.0002
1837 0.0004
1838 0.0003
1840 0.0003
1842 0.0002
1844 0.0002
1845 0.0003
1847 0.0002
1848 0.0004
1850 0.0003
1852 0.0003
1853 0.0001
1854 0.0001
1855 0.0003
1856 0.0005
1858 0.0004
1860 0.0003
1861 0.0002
1863 0.0003
1865 0.0007
1866 0.0001
1867 0.0002
1868 0.0004
1869 0.0001
1870 0.0002
1871 0.0001
1872 0.0003
1873 0.0001
1874 0.0002
1876 0.0001
1877 0.0002
1878 0.0002
1879 0.0003
1880 0.0001
1881 0.0003
1882 0.0003
1883 0.0001
1884 0.0002
1885 0.0002
1886 0.0001
1887 0.0001
1890 0.0002
1892 0.0002
1893 0.0003
1894 0.0001
1895 0.0002
1897 0.0002
1898 0.0002
1901 0.0003
1902 0.0004
1903 0.0002
1905 0.0002
1906 0.0001
1908 0.0001
1909 0.0002
1910 0.0003
1912 0.0001
1913 0.0002
1914 0.0001
1915 0.0002
1916 0.0005
1917 0.0004
1918 0.0001
1920 0.0001
1921 0.0003
1922 0.0003
1923 0.0002
1924 0.0003
1925 0.0002
1926 0.0003
1927 0.0003
1928 0.0001
1929 0.0005
1930 0.0003
1931 0.0001
1932 0.0002
1933 0.0004
1934 0.0001
1935 0.0001
1936 0.0002
1937 0.0001
1938 0.0003
1940 0.0001
1941 0.0002
1942 0.0001
1943 0.0004
1944 0.0002
1945 0.0001
1946 0.0003
1947 0.0003
1948 0.0003
1949 0.0002
1950 0.0002
1951 0.0003
1952 0.0001
1953 0.0003
1954 0.0003
1956 0.0001
1957 0.0001
1958 0.0004
1959 0.0006
1960 0.0003
1961 0.0001
1962 0.0005
1963 0.0002
1964 0.0001
1965 0.0001
1966 0.0002
1967 0.0001
1968 0.0003
1969 0.0004
1970 0.0002
1971 0.0001
1972 0.0003
1973 0.0002
1974 0.0001
1975 0.0003
1976 0.0002
1978 0.0001
1979 0.0001
1980 0.0002
1981 0.0003
1982 0.0003
1983 0.0001
1984 0.0002
1985 0.0005
1986 0.0001
1987 0.0003
1988 0.0002
1990 0.0002
1991 0.0006
1992 0.0003
1993 0.0005
1994 0.0001
1995 0.0001
1996 0.0004
1998 0.0002
2000 0.0001
2001 0.0004
2002 0.0003
2003 0.0001
2006 0.0001
2007 0.0001
2008 0.0003
2009 0.0003
2010 0.0002
2011 0.0002
2012 0.0002
2013 0.0002
2014 0.0001
2015 0.0002
2016 0.0001
2017 0.0002
2019 0.0001
2020 0.0001
2021 0.0002
2022 0.0002
2023 0.0001
2024 0.0005
2025 0.0001
2026 0.0003
2028 0.0002
2029 0.0001
2030 0.0002
2031 0.0003
2032 0.0002
2033 0.0003
2034 0.0003
2035 0.0002
2037 0.0001
2038 0.0001
2039 0.0003
2040 0.0004
2041 0.0001
2042 0.0003
2043 0.0002
2044 0.0001
2045 0.0003
2046 0.0002
2047 0.0002
2048 0.0001
2049 0.0004
2050 0.0004
2052 0.0003
2053 0.0003
2054 0.0002
2055 0.0002
2057 0.0001
2058 0.0004
2059 0.0001
2061 0.0003
2062 0.0001
2063 0.0001
2064 0.0001
2065 0.0002
2066 0.0003
2067 0.0001
2068 0.0002
2069 0.0001
2070 0.0002
2071 0.0002
2072 0.0001
2074 0.0003
2075 0.0002
2076 0.0002
2077 0.0002
2078 0.0001
2079 0.0004
2080 0.0003
2081 0.0001
2082 0.0003
2083 0.0002
2084 0.0003
2086 0.0003
2087 0.0001
2088 0.0001
2089 0.0001
2090 0.0001
2091 0.0004
2093 0.0002
2094 0.0003
2095 0.0001
2096 0.0001
2097 0.0002
2099 0.0002
2100 0.0002
2101 0.0003
2104 0.0005
2105 0.0002
2106 0.0001
2107 0.0002
2110 0.0001
2111 0.0001
2113 0.0004
2114 0.0002
2115 0.0003
2116 0.0001
2117 0.0001
2119 0.0001
2120 0.0001
2121 0.0001
2123 0.0002
2124 0.0003
2125 0.0004
2126 0.0001
2127 0.0002
2128 0.0003
2129 0.0001
2130 0.0003
2131 0.0001
2132 0.0003
2133 0.0003
2134 0.0003
2136 0.0001
2137 0.0002
2140 0.0001
2141 0.0004
2143 0.0001
2145 0.0002
2146 0.0002
2147 0.0001
2148 0.0002
2149 0.0002
2150 0.0002
2151 0.0001
2152 0.0002
2153 0.0001
2154 0.0001
2155 0.0002
2156 0.0002
2158 0.0002
2159 0.0002
2160 0.0001
2161 0.0001
2162 0.0002
2163 0.0001
2164 0.0003
2165 0.0002
2166 0.0001
2167 0.0002
2168 0.0001
2169 0.0005
2170 0.0002
2171 0.0003
2172 0.0003
2174 0.0003
2175 0.0001
2177 0.0001
2178 0.0002
2179 0.0003
2180 0.0001
2182 0.0002
2183 0.0001
2185 0.0003
2186 0.0002
2187 0.0001
2190 0.0001
2191 0.0003
2192 0.0002
2193 0.0002
2194 0.0003
2196 0.0004
2197 0.0001
2198 0.0001
2199 0.0002
2200 0.0003
2201 0.0001
2202 0.0001
2204 0.0001
2205 0.0001
2207 0.0001
2208 0.0001
2209 0.0003
2211 0.0001
2212 0.0002
2213 0.0001
2214 0.0003
2215 0.0001
2216 0.0005
2217 0.0003
2218 0.0001
2219 0.0001
2220 0.0002
2222 0.0001
2223 0.0003
2224 0.0001
2225 0.0001
2227 0.0001
2228 0.0001
2229 0.0003
2230 0.0002
2231 0.0003
2232 0.0001
2233 0.0001
2234 0.0002
2235 0.0002
2236 0.0001
2237 0.0002
2238 0.0002
2239 0.0001
2241 0.0001
2242 0.0002
2243 0.0001
2244 0.0002
2245 0.0001
2246 0.0001
2249 0.0001
2250 0.0001
2251 0.0002
2252 0.0002
2253 0.0001
2254 0.0002
2255 0.0001
2256 0.0002
2257 0.0001
2258 0.0002
2260 0.0002
2261 0.0002
2262 0.0003
2263 0.0003
2265 0.0003
2267 0.0001
2268 0.0001
2269 0.0003
2270 0.0001
2271 0.0002
2272 0.0004
2273 0.0002
2274 0.0002
2275 0.0001
2277 0.0002
2278 0.0001
2280 0.0002
2282 0.0004
2283 0.0005
2284 0.0001
2285 0.0002
2286 0.0003
2288 0.0001
2289 0.0004
2292 0.0003
2293 0.0001
2294 0.0002
2296 0.0003
2297 0.0002
2298 0.0005
2299 0.0003
2300 0.0002
2301 0.0002
2302 0.0002
2304 0.0002
2305 0.0002
2306 0.0002
2308 0.0002
2309 0.0002
2310 0.0002
2311 0.0003
2312 0.0002
2314 0.0003
2315 0.0001
2316 0.0001
2317 0.0005
2318 0.0002
2319 0.0002
2321 0.0001
2322 0.0001
2323 0.0003
2324 0.0001
2326 0.0002
2328 0.0003
2329 0.0001
2331 0.0001
2333 0.0003
2334 0.0002
2335 0.0002
2336 0.0001
2337 0.0003
2339 0.0001
2340 0.0002
2342 0.0004
2343 0.0002
2344 0.0002
2345 0.0002
2346 0.0001
2347 0.0001
2348 0.0001
2350 0.0002
2351 0.0002
2353 0.0003
2356 0.0002
2357 0.0004
2359 0.0001
2360 0.0001
2361 0.0002
2362 0.0002
2363 0.0002
2365 0.0002
2366 0.0002
2367 0.0002
2368 0.0001
2369 0.0001
2371 0.0001
2372 0.0002
2375 0.0003
2376 0.0002
2377 0.0004
2378 0.0001
2379 0.0002
2380 0.0001
2381 0.0003
2382 0.0003
2383 0.0001
2384 0.0001
2386 0.0002
2387 0.0001
2388 0.0001
2389 0.0002
2390 0.0002
2392 0.0001
2395 0.0001
2396 0.0001
2397 0.0003
2399 0.0001
2400 0.0002
2402 0.0002
2403 0.0005
2404 0.0003
2406 0.0001
2408 0.0003
2409 0.0005
2410 0.0003
2411 0.0003
2412 0.0002
2414 0.0004
2415 0.0002
2416 0.0001
2417 0.0002
2419 0.0001
2421 0.0002
2422 0.0001
2423 0.0003
2425 0.0001
2426 0.0001
2427 0.0002
2428 0.0001
2429 0.0001
2430 0.0001
2433 0.0003
2434 0.0003
2437 0.0001
2439 0.0001
2440 0.0001
2441 0.0001
2442 0.0002
2444 0.0002
2445 0.0001
2447 0.0001
2448 0.0003
2451 0.0002
2452 0.0001
2454 0.0002
2456 0.0002
2457 0.0001
2459 0.0001
2461 0.0003
2462 0.0004
2463 0.0001
2464 0.0001
2466 0.0001
2467 0.0002
2468 0.0001
2470 0.0001
2471 0.0002
2472 0.0001
2473 0.0001
2474 0.0001
2476 0.0001
2479 0.0003
2480 0.0001
2481 0.0002
2482 0.0002
2484 0.0003
2485 0.0001
2486 0.0002
2487 0.0002
2488 0.0001
2489 0.0003
2490 0.0003
2491 0.0001
2492 0.0002
2493 0.0001
2494 0.0002
2495 0.0005
2496 0.0002
2497 0.0002
2498 0.0001
2499 0.0001
2500 0.0002
2501 0.0001
2504 0.0001
2506 0.0001
2507 0.0002
2511 0.0002
2512 0.0003
2513 0.0004
2514 0.0001
2515 0.0002
2517 0.0001
2518 0.0004
2520 0.0001
2521 0.0002
2523 0.0002
2524 0.0002
2527 0.0001
2529 0.0001
2530 0.0001
2531 0.0001
2533 0.0001
2534 0.0005
2538 0.0001
2539 0.0003
2540 0.0002
2541 0.0003
2543 0.0001
2544 0.0002
2545 0.0002
2546 0.0002
2548 0.0001
2549 0.0001
2550 0.0001
2553 0.0001
2554 0.0003
2555 0.0001
2556 0.0001
2557 0.0001
2558 0.0003
2559 0.0001
2560 0.0002
2561 0.0001
2562 0.0001
2563 0.0003
2564 0.0003
2565 0.0001
2566 0.0003
2567 0.0001
2568 0.0001
2569 0.0001
2570 0.0002
2571 0.0001
2572 0.0001
2573 0.0001
2574 0.0002
2576 0.0001
2578 0.0001
2579 0.0002
2580 0.0001
2581 0.0002
2582 0.0002
2583 0.0002
2584 0.0003
2585 0.0001
2586 0.0001
2588 0.0001
2589 0.0002
2590 0.0002
2593 0.0003
2594 0.0007
2597 0.0001
2598 0.0002
2600 0.0001
2602 0.0001
2604 0.0002
2606 0.0002
2607 0.0001
2608 0.0001
2611 0.0001
2612 0.0001
2613 0.0002
2614 0.0001
2615 0.0005
2616 0.0002
2617 0.0004
2620 0.0001
2622 0.0002
2623 0.0002
2625 0.0001
2627 0.0001
2629 0.0001
2631 0.0002
2632 0.0001
2633 0.0001
2634 0.0002
2635 0.0003
2636 0.0001
2637 0.0003
2638 0.0001
2641 0.0001
2642 0.0001
2643 0.0001
2645 0.0001
2646 0.0001
2647 0.0001
2649 0.0001
2650 0.0004
2652 0.0003
2653 0.0003
2654 0.0002
2655 0.0002
2656 0.0002
2657 0.0001
2658 0.0001
2659 0.0001
2660 0.0002
2662 0.0004
2663 0.0001
2664 0.0002
2667 0.0001
2668 0.0003
2669 0.0001
2673 0.0005
2674 0.0002
2675 0.0003
2676 0.0004
2677 0.0001
2681 0.0004
2682 0.0001
2685 0.0002
2686 0.0002
2690 0.0002
2691 0.0001
2692 0.0001
2693 0.0002
2695 0.0002
2696 0.0003
2697 0.0002
2698 0.0001
2699 0.0003
2700 0.0002
2701 0.0003
2705 0.0001
2706 0.0002
2708 0.0002
2709 0.0003
2710 0.0001
2711 0.0002
2712 0.0002
2713 0.0001
2714 0.0001
2715 0.0001
2717 0.0003
2718 0.0001
2719 0.0002
2720 0.0002
2721 0.0001
2723 0.0002
2724 0.0002
2726 0.0001
2729 0.0004
2731 0.0002
2732 0.0002
2734 0.0003
2735 0.0003
2738 0.0001
2739 0.0002
2740 0.0001
2741 0.0002
2742 0.0001
2744 0.0003
2745 0.0001
2746 0.0001
2749 0.0001
2752 0.0002
2753 0.0002
2754 0.0002
2755 0.0001
2758 0.0001
2761 0.0001
2763 0.0001
2765 0.0002
2766 0.0001
2768 0.0001
2770 0.0001
2771 0.0003
2773 0.0002
2774 0.0001
2775 0.0003
2777 0.0001
2778 0.0002
2779 0.0002
2780 0.0002
2781 0.0002
2783 0.0004
2786 0.0002
2787 0.0001
2788 0.0003
2789 0.0001
2791 0.0001
2792 0.0001
2794 0.0002
2797 0.0002
2798 0.0002
2799 0.0001
2801 0.0001
2803 0.0001
2804 0.0002
2806 0.0003
2807 0.0001
2808 0.0003
2810 0.0001
2811 0.0002
2813 0.0001
2814 0.0002
2815 0.0002
2816 0.0001
2818 0.0001
2820 0.0001
2824 0.0001
2825 0.0003
2826 0.0001
2827 0.0002
2828 0.0001
2830 0.0001
2831 0.0002
2832 0.0001
2833 0.0003
2836 0.0001
2837 0.0001
2838 0.0001
2839 0.0001
2840 0.0001
2842 0.0002
2843 0.0002
2844 0.0003
2847 0.0001
2848 0.0002
2849 0.0004
2850 0.0001
2851 0.0001
2852 0.0001
2853 0.0001
2854 0.0001
2857 0.0001
2859 0.0001
2860 0.0001
2861 0.0003
2866 0.0002
2867 0.0002
2868 0.0005
2869 0.0003
2870 0.0001
2871 0.0002
2873 0.0003
2874 0.0003
2875 0.0001
2876 0.0001
2878 0.0002
2879 0.0001
2880 0.0002
2882 0.0002
2883 0.0002
2884 0.0001
2885 0.0001
2886 0.0002
2888 0.0001
2889 0.0003
2890 0.0001
2891 0.0002
2893 0.0001
2896 0.0002
2897 0.0002
2898 0.0001
2899 0.0001
2900 0.0002
2901 0.0001
2902 0.0001
2903 0.0002
2904 0.0001
2905 0.0001
2906 0.0001
2907 0.0001
2913 0.0001
2917 0.0003
2918 0.0002
2920 0.0002
2921 0.0001
2922 0.0001
2924 0.0001
2925 0.0002
2926 0.0001
2927 0.0001
2928 0.0002
2929 0.0003
2930 0.0001
2932 0.0001
2933 0.0001
2934 0.0001
2937 0.0001
2938 0.0001
2939 0.0002
2940 0.0001
2941 0.0001
2942 0.0002
2943 0.0001
2944 0.0001
2945 0.0002
2948 0.0001
2949 0.0001
2952 0.0001
2953 0.0003
2954 0.0003
2957 0.0001
2959 0.0003
2960 0.0001
2961 0.0002
2963 0.0002
2966 0.0003
2967 0.0003
2969 0.0001
2971 0.0002
2972 0.0001
2973 0.0001
2974 0.0001
2975 0.0001
2976 0.0001
2978 0.0001
2980 0.0003
2981 0.0001
2983 0.0002
2984 0.0002
2986 0.0002
2988 0.0003
2989 0.0001
2990 0.0001
2991 0.0003
2993 0.0003
2994 0.0001
2996 0.0001
2999 0.0002
3001 0.0001
3002 0.0001
3004 0.0002
3009 0.0001
3010 0.0001
3011 0.0002
3012 0.0001
3013 0.0001
3016 0.0001
3017 0.0002
3019 0.0001
3020 0.0001
3022 0.0002
3023 0.0001
3025 0.0001
3026 0.0001
3027 0.0001
3028 0.0001
3029 0.0001
3030 0.0003
3031 0.0002
3032 0.0002
3033 0.0001
3035 0.0001
3038 0.0003
3039 0.0001
3041 0.0003
3042 0.0001
3043 0.0001
3044 0.0002
3046 0.0002
3050 0.0003
3052 0.0002
3054 0.0004
3059 0.0003
3060 0.0001
3061 0.0001
3062 0.0001
3063 0.0002
3065 0.0002
3067 0.0001
3070 0.0002
3071 0.0001
3073 0.0001
3075 0.0001
3078 0.0003
3080 0.0001
3082 0.0001
3084 0.0002
3085 0.0001
3086 0.0002
3087 0.0001
3090 0.0002
3091 0.0001
3092 0.0001
3095 0.0001
3096 0.0001
3097 0.0001
3098 0.0001
3101 0.0001
3102 0.0001
3103 0.0002
3105 0.0001
3106 0.0002
3107 0.0002
3108 0.0001
3110 0.0001
3111 0.0001
3115 0.0001
3117 0.0001
3119 0.0001
3120 0.0002
3123 0.0002
3124 0.0001
3126 0.0004
3127 0.0001
3128 0.0001
3130 0.0001
3132 0.0001
3133 0.0001
3135 0.0001
3136 0.0002
3142 0.0002
3143 0.0001
3144 0.0001
3146 0.0002
3148 0.0002
3149 0.0002
3150 0.0003
3151 0.0001
3153 0.0001
3154 0.0001
3155 0.0001
3156 0.0001
3157 0.0002
3161 0.0002
3163 0.0001
3165 0.0001
3166 0.0002
3167 0.0001
3170 0.0002
3172 0.0001
3174 0.0001
3175 0.0001
3177 0.0002
3181 0.0001
3182 0.0001
3187 0.0001
3188 0.0001
3191 0.0001
3192 0.0001
3194 0.0002
3195 0.0001
3196 0.0001
3198 0.0001
3200 0.0001
3202 0.0001
3203 0.0001
3205 0.0001
3207 0.0001
3208 0.0001
3210 0.0002
3212 0.0002
3213 0.0001
3214 0.0001
3216 0.0001
3217 0.0003
3218 0.0001
3220 0.0002
3222 0.0001
3225 0.0001
3227 0.0001
3228 0.0001
3229 0.0001
3230 0.0002
3232 0.0001
3235 0.0003
3245 0.0002
3246 0.0002
3249 0.0001
3250 0.0002
3253 0.0002
3258 0.0001
3259 0.0001
3260 0.0001
3261 0.0001
3264 0.0001
3266 0.0001
3268 0.0001
3270 0.0001
3275 0.0001
3276 0.0002
3277 0.0002
3278 0.0002
3279 0.0001
3281 0.0001
3283 0.0001
3284 0.0001
3289 0.0001
3291 0.0001
3293 0.0001
3294 0.0002
3298 0.0001
3299 0.0001
3302 0.0002
3303 0.0002
3306 0.0001
3307 0.0001
3308 0.0002
3309 0.0002
3310 0.0002
3311 0.0001
3312 0.0001
3313 0.0001
3314 0.0002
3315 0.0002
3317 0.0001
3320 0.0001
3321 0.0003
3324 0.0002
3325 0.0001
3326 0.0001
3331 0.0001
3332 0.0001
3333 0.0001
3334 0.0001
3336 0.0001
3337 0.0001
3338 0.0002
3339 0.0001
3341 0.0001
3342 0.0001
3344 0.0001
3345 0.0003
3346 0.0001
3348 0.0001
3349 0.0001
3350 0.0003
3351 0.0001
3352 0.0002
3353 0.0001
3355 0.0001
3357 0.0001
3358 0.0001
3360 0.0001
3362 0.0001
3366 0.0002
3368 0.0001
3369 0.0002
3370 0.0002
3372 0.0001
3374 0.0001
3375 0.0001
3377 0.0002
3379 0.0002
3380 0.0001
3381 0.0002
3382 0.0001
3384 0.0001
3386 0.0001
3387 0.0001
3388 0.0002
3389 0.0001
3390 0.0001
3392 0.0001
3395 0.0001
3399 0.0001
3400 0.0001
3401 0.0001
3402 0.0001
3403 0.0001
3406 0.0002
3407 0.0002
3409 0.0001
3411 0.0001
3412 0.0001
3415 0.0001
3417 0.0001
3418 0.0002
3419 0.0001
3421 0.0003
3424 0.0001
3426 0.0001
3429 0.0005
3432 0.0001
3435 0.0001
3438 0.0001
3439 0.0001
3441 0.0002
3444 0.0001
3446 0.0001
3447 0.0001
3448 0.0001
3450 0.0001
3451 0.0003
3452 0.0001
3454 0.0003
3455 0.0001
3460 0.0001
3464 0.0001
3465 0.0002
3466 0.0001
3469 0.0001
3470 0.0002
3471 0.0001
3474 0.0001
3476 0.0002
3477 0.0001
3478 0.0001
3480 0.0001
3481 0.0001
3482 0.0002
3484 0.0001
3486 0.0002
3489 0.0003
3490 0.0001
3495 0.0002
3496 0.0002
3497 0.0002
3498 0.0002
3501 0.0003
3502 0.0001
3503 0.0001
3506 0.0001
3508 0.0002
3510 0.0001
3511 0.0002
3514 0.0001
3515 0.0001
3516 0.0001
3519 0.0001
3525 0.0001
3529 0.0001
3530 0.0001
3533 0.0001
3534 0.0002
3535 0.0002
3536 0.0001
3545 0.0002
3548 0.0001
3550 0.0001
3551 0.0001
3553 0.0002
3556 0.0001
3559 0.0002
3560 0.0001
3561 0.0001
3562 0.0001
3568 0.0002
3569 0.0002
3571 0.0001
3572 0.0001
3574 0.0003
3576 0.0001
3577 0.0002
3580 0.0002
3582 0.0001
3585 0.0001
3589 0.0001
3590 0.0001
3591 0.0001
3592 0.0001
3593 0.0001
3594 0.0001
3597 0.0002
3598 0.0001
3599 0.0002
3600 0.0001
3601 0.0001
3603 0.0001
3605 0.0003
3606 0.0002
3607 0.0001
3611 0.0002
3615 0.0001
3617 0.0001
3621 0.0001
3622 0.0001
3623 0.0002
3625 0.0002
3627 0.0001
3629 0.0001
3631 0.0001
3634 0.0001
3636 0.0001
3637 0.0001
3638 0.0002
3639 0.0003
3642 0.0002
3643 0.0001
3646 0.0001
3647 0.0001
3649 0.0001
3653 0.0001
3654 0.0001
3656 0.0001
3657 0.0002
3658 0.0002
3662 0.0001
3665 0.0002
3669 0.0001
3671 0.0001
3673 0.0001
3674 0.0001
3678 0.0001
3681 0.0003
3682 0.0001
3685 0.0001
3688 0.0001
3690 0.0001
3691 0.0003
3693 0.0001
3695 0.0003
3699 0.0001
3700 0.0001
3701 0.0001
3706 0.0001
3708 0.0001
3710 0.0001
3711 0.0001
3712 0.0001
3717 0.0001
3719 0.0001
3720 0.0001
3722 0.0002
3725 0.0002
3726 0.0001
3727 0.0001
3728 0.0003
3729 0.0002
3731 0.0002
3736 0.0002
3738 0.0001
3741 0.0002
3743 0.0001
3745 0.0001
3746 0.0001
3748 0.0004
3749 0.0002
3750 0.0001
3752 0.0002
3755 0.0002
3756 0.0002
3760 0.0001
3762 0.0001
3763 0.0001
3765 0.0001
3767 0.0001
3769 0.0001
3770 0.0001
3772 0.0001
3775 0.0001
3776 0.0001
3779 0.0001
3781 0.0001
3782 0.0001
3785 0.0001
3786 0.0001
3788 0.0001
3789 0.0001
3794 0.0002
3799 0.0001
3803 0.0001
3805 0.0001
3806 0.0002
3807 0.0001
3808 0.0003
3809 0.0001
3810 0.0001
3811 0.0001
3812 0.0001
3813 0.0001
3815 0.0001
3817 0.0001
3818 0.0001
3819 0.0001
3820 0.0002
3824 0.0002
3825 0.0002
3826 0.0001
3829 0.0002
3832 0.0001
3834 0.0001
3839 0.0002
3846 0.0001
3849 0.0001
3856 0.0002
3857 0.0001
3862 0.0001
3866 0.0002
3874 0.0001
3875 0.0002
3877 0.0001
3879 0.0002
3882 0.0001
3883 0.0001
3884 0.0001
3886 0.0001
3888 0.0002
3890 0.0001
3892 0.0001
3893 0.0001
3897 0.0001
3899 0.0001
3900 0.0001
3902 0.0001
3908 0.0001
3909 0.0001
3911 0.0003
3912 0.0002
3915 0.0001
3916 0.0001
3920 0.0001
3925 0.0001
3926 0.0001
3930 0.0001
3933 0.0001
3940 0.0001
3944 0.0001
3945 0.0001
3947 0.0001
3948 0.0003
3950 0.0002
3951 0.0001
3952 0.0001
3954 0.0001
3958 0.0001
3960 0.0002
3962 0.0001
3966 0.0001
3970 0.0001
3972 0.0002
3973 0.0001
3976 0.0001
3982 0.0001
3983 0.0001
3991 0.0002
3993 0.0001
3994 0.0001
3996 0.0001
3998 0.0001
3999 0.0001
4001 0.0001
4002 0.0001
4006 0.0001
4007 0.0002
4008 0.0001
4009 0.0001
4011 0.0001
4012 0.0001
4014 0.0001
4020 0.0001
4021 0.0001
4022 0.0001
4027 0.0001
4029 0.0001
4030 0.0002
4032 0.0001
4035 0.0001
4038 0.0003
4039 0.0001
4044 0.0001
4045 0.0001
4047 0.0001
4050 0.0001
4051 0.0001
4054 0.0001
4059 0.0002
4064 0.0001
4065 0.0001
4066 0.0001
4067 0.0001
4070 0.0001
4072 0.0001
4074 0.0001
4081 0.0001
4082 0.0001
4086 0.0001
4089 0.0001
4090 0.0002
4093 0.0001
4094 0.0001
4095 0.0001
4098 0.0001
4102 0.0001
4103 0.0001
4104 0.0001
4106 0.0001
4108 0.0001
4114 0.0001
4115 0.0003
4116 0.0001
4120 0.0001
4121 0.0001
4123 0.0001
4125 0.0002
4133 0.0001
4136 0.0002
4143 0.0001
4147 0.0001
4148 0.0002
4149 0.0001
4151 0.0001
4154 0.0002
4156 0.0001
4160 0.0002
4162 0.0001
4163 0.0001
4168 0.0001
4169 0.0001
4170 0.0001
4179 0.0001
4181 0.0001
4187 0.0001
4190 0.0001
4194 0.0001
4196 0.0001
4197 0.0001
4198 0.0001
4200 0.0001
4202 0.0001
4203 0.0001
4204 0.0001
4208 0.0002
4209 0.0001
4210 0.0002
4214 0.0001
4221 0.0001
4222 0.0001
4227 0.0001
4232 0.0001
4235 0.0002
4236 0.0001
4238 0.0001
4239 0.0001
4245 0.0001
4253 0.0001
4259 0.0001
4269 0.0001
4272 0.0001
4277 0.0001
4278 0.0001
4280 0.0001
4281 0.0002
4282 0.0001
4287 0.0001
4288 0.0001
4290 0.0001
4292 0.0001
4293 0.0001
4294 0.0002
4296 0.0002
4298 0.0001
4299 0.0001
4302 0.0001
4303 0.0001
4304 0.0001
4306 0.0001
4307 0.0001
4308 0.0001
4309 0.0001
4310 0.0001
4312 0.0002
4313 0.0001
4323 0.0001
4324 0.0001
4329 0.0001
4331 0.0001
4332 0.0001
4333 0.0001
4338 0.0001
4341 0.0001
4343 0.0001
4344 0.0001
4352 0.0001
4353 0.0002
4357 0.0001
4361 0.0001
4363 0.0001
4365 0.0002
4371 0.0001
4372 0.0001
4377 0.0001
4378 0.0002
4383 0.0001
4385 0.0001
4386 0.0001
4387 0.0002
4394 0.0001
4397 0.0001
4403 0.0002
4406 0.0001
4409 0.0002
4414 0.0001
4415 0.0001
4416 0.0001
4417 0.0001
4418 0.0001
4422 0.0001
4423 0.0001
4425 0.0001
4427 0.0002
4431 0.0001
4435 0.0001
4441 0.0001
4443 0.0001
4446 0.0001
4452 0.0001
4453 0.0001
4457 0.0001
4458 0.0002
4463 0.0001
4466 0.0002
4469 0.0001
4484 0.0001
4486 0.0001
4487 0.0002
4489 0.0001
4491 0.0002
4493 0.0001
4494 0.0001
4500 0.0001
4501 0.0002
4503 0.0001
4506 0.0001
4523 0.0001
4527 0.0001
4529 0.0001
4530 0.0001
4542 0.0001
4545 0.0001
4547 0.0001
4550 0.0001
4551 0.0001
4555 0.0001
4556 0.0001
4559 0.0001
4563 0.0001
4567 0.0002
4579 0.0001
4583 0.0001
4586 0.0001
4587 0.0001
4590 0.0001
4591 0.0001
4594 0.0001
4595 0.0001
4597 0.0001
4598 0.0001
4599 0.0001
4600 0.0002
4602 0.0001
4607 0.0002
4608 0.0001
4612 0.0001
4614 0.0002
4616 0.0001
4620 0.0001
4622 0.0001
4624 0.0001
4626 0.0001
4637 0.0001
4644 0.0001
4645 0.0001
4647 0.0001
4649 0.0001
4650 0.0001
4652 0.0001
4654 0.0001
4659 0.0001
4660 0.0001
4663 0.0001
4666 0.0001
4674 0.0001
4676 0.0001
4686 0.0001
4693 0.0001
4696 0.0001
4698 0.0002
4702 0.0001
4703 0.0001
4704 0.0001
4707 0.0002
4708 0.0001
4717 0.0001
4718 0.0001
4722 0.0001
4727 0.0001
4730 0.0001
4731 0.0002
4733 0.0001
4734 0.0001
4746 0.0001
4747 0.0001
4749 0.0001
4754 0.0001
4756 0.0001
4757 0.0001
4764 0.0001
4766 0.0001
4773 0.0001
4776 0.0001
4777 0.0001
4779 0.0001
4782 0.0002
4783 0.0002
4786 0.0002
4789 0.0001
4804 0.0001
4809 0.0002
4811 0.0001
4813 0.0002
4814 0.0001
4816 0.0001
4817 0.0001
4820 0.0001
4835 0.0003
4836 0.0001
4838 0.0001
4839 0.0001
4841 0.0001
4842 0.0002
4843 0.0001
4846 0.0001
4855 0.0001
4858 0.0001
4864 0.0001
4873 0.0001
4878 0.0001
4879 0.0001
4880 0.0002
4881 0.0001
4884 0.0001
4887 0.0001
4889 0.0002
4891 0.0001
4892 0.0001
4896 0.0001
4898 0.0001
4901 0.0001
4909 0.0001
4910 0.0002
4913 0.0001
4923 0.0001
4924 0.0001
4925 0.0001
4930 0.0001
4934 0.0001
4944 0.0001
4956 0.0001
4963 0.0001
4971 0.0001
4973 0.0001
4981 0.0001
4993 0.0001
5000 0.0002
5002 0.0001
5003 0.0001
5013 0.0001
5019 0.0001
5024 0.0001
5032 0.0001
5033 0.0001
5037 0.0001
5046 0.0001
5048 0.0001
5050 0.0001
5060 0.0001
5071 0.0002
5073 0.0001
5083 0.0001
5087 0.0001
5089 0.0001
5092 0.0001
5096 0.0001
5101 0.0001
5104 0.0001
5109 0.0001
5112 0.0001
5113 0.0001
5114 0.0001
5116 0.0001
5121 0.0001
5125 0.0002
5127 0.0001
5134 0.0001
5136 0.0001
5139 0.0001
5148 0.0002
5152 0.0001
5155 0.0001
5172 0.0001
5174 0.0002
5178 0.0001
5191 0.0001
5197 0.0001
5199 0.0002
5210 0.0001
5216 0.0001
5221 0.0001
5222 0.0001
5225 0.0001
5227 0.0001
5229 0.0001
5233 0.0001
5239 0.0001
5246 0.0001
5254 0.0001
5255 0.0001
5259 0.0001
5260 0.0001
5261 0.0001
5262 0.0001
5266 0.0001
5267 0.0001
5269 0.0001
5272 0.0001
5273 0.0001
5274 0.0001
5276 0.0001
5278 0.0001
5284 0.0001
5286 0.0002
5290 0.0001
5296 0.0002
5297 0.0001
5299 0.0001
5304 0.0001
5309 0.0001
5314 0.0001
5316 0.0001
5323 0.0001
5338 0.0001
5343 0.0001
5345 0.0001
5347 0.0001
5352 0.0001
5355 0.0001
5360 0.0002
5367 0.0001
5368 0.0001
5372 0.0001
5374 0.0001
5375 0.0001
5382 0.0002
5383 0.0001
5397 0.0001
5398 0.0001
5399 0.0001
5403 0.0001
5405 0.0001
5426 0.0001
5428 0.0001
5439 0.0001
5443 0.0002
5445 0.0002
5447 0.0001
5448 0.0001
5454 0.0001
5460 0.0001
5463 0.0001
5470 0.0001
5475 0.0001
5476 0.0001
5488 0.0001
5491 0.0001
5498 0.0001
5502 0.0001
5506 0.0001
5511 0.0001
5515 0.0001
5516 0.0001
5519 0.0001
5520 0.0001
5523 0.0001
5537 0.0001
5548 0.0001
5555 0.0001
5557 0.0001
5573 0.0001
5575 0.0001
5576 0.0001
5584 0.0001
5587 0.0001
5588 0.0001
5589 0.0001
5594 0.0001
5601 0.0001
5606 0.0001
5620 0.0001
5639 0.0001
5640 0.0001
5641 0.0001
5657 0.0001
5660 0.0001
5667 0.0001
5670 0.0001
5672 0.0001
5678 0.0001
5694 0.0001
5705 0.0002
5710 0.0001
5713 0.0001
5718 0.0001
5719 0.0001
5728 0.0001
5733 0.0001
5752 0.0001
5771 0.0001
5775 0.0002
5791 0.0001
5792 0.0001
5807 0.0001
5823 0.0001
5841 0.0001
5845 0.0001
5847 0.0001
5849 0.0001
5852 0.0002
5866 0.0001
5870 0.0001
5871 0.0001
5882 0.0001
5887 0.0001
5891 0.0001
5901 0.0001
5906 0.0001
5919 0.0001
5921 0.0001
5929 0.0001
5935 0.0002
5938 0.0001
5953 0.0001
5962 0.0001
5974 0.0001
5990 0.0001
5996 0.0001
5997 0.0001
6020 0.0001
6032 0.0001
6033 0.0001
6036 0.0001
6043 0.0001
6068 0.0002
6090 0.0001
6091 0.0001
6092 0.0001
6106 0.0001
6109 0.0001
6110 0.0001
6111 0.0001
6112 0.0001
6127 0.0001
6134 0.0001
6136 0.0001
6148 0.0001
6151 0.0002
6158 0.0002
6168 0.0001
6177 0.0001
6185 0.0001
6186 0.0001
6190 0.0002
6192 0.0001
6195 0.0002
6211 0.0001
6218 0.0001
6223 0.0002
6247 0.0001
6251 0.0001
6261 0.0001
6268 0.0001
6280 0.0001
6285 0.0001
6305 0.0001
6311 0.0001
6325 0.0001
6335 0.0001
6341 0.0001
6353 0.0001
6357 0.0001
6393 0.0001
6402 0.0002
6424 0.0001
6429 0.0001
6434 0.0001
6435 0.0001
6436 0.0001
6440 0.0001
6441 0.0001
6450 0.0001
6469 0.0001
6475 0.0001
6484 0.0001
6494 0.0001
6506 0.0001
6516 0.0001
6531 0.0001
6538 0.0001
6544 0.0001
6547 0.0001
6548 0.0001
6558 0.0001
6572 0.0001
6593 0.0001
6598 0.0001
6603 0.0001
6604 0.0001
6611 0.0001
6613 0.0001
6620 0.0001
6626 0.0001
6635 0.0001
6638 0.0001
6647 0.0001
6659 0.0001
6666 0.0001
6667 0.0001
6705 0.0001
6708 0.0001
6712 0.0001
6727 0.0001
6740 0.0001
6805 0.0001
6807 0.0001
6810 0.0001
6817 0.0001
6828 0.0001
6829 0.0001
6841 0.0001
6846 0.0001
6876 0.0001
6893 0.0001
6902 0.0001
6913 0.0001
6921 0.0001
6937 0.0001
6938 0.0001
6952 0.0001
6957 0.0001
6970 0.0001
6980 0.0001
6983 0.0001
6986 0.0001
7012 0.0001
7019 0.0001
7027 0.0001
7039 0.0001
7064 0.0001
7076 0.0001
7080 0.0001
7083 0.0002
7115 0.0001
7119 0.0001
7126 0.0001
7128 0.0001
7132 0.0001
7135 0.0001
7144 0.0001
7150 0.0001
7157 0.0001
7168 0.0001
7197 0.0001
7227 0.0001
7253 0.0001
7279 0.0001
7376 0.0001
7384 0.0001
7396 0.0002
7403 0.0001
7451 0.0001
7455 0.0001
7484 0.0001
7499 0.0001
7516 0.0001
7520 0.0001
7521 0.0001
7541 0.0001
7551 0.0001
7601 0.0001
7627 0.0001
7642 0.0001
7663 0.0001
7670 0.0001
7675 0.0001
7678 0.0001
7681 0.0001
7726 0.0001
7763 0.0001
7807 0.0001
7849 0.0001
7860 0.0001
7885 0.0001
7915 0.0001
7925 0.0001
7953 0.0001
7972 0.0001
7990 0.0001
7998 0.0001
8112 0.0002
8160 0.0001
8201 0.0001
8211 0.0001
8232 0.0001
8235 0.0001
8238 0.0001
8247 0.0001
8249 0.0001
8252 0.0001
8265 0.0001
8316 0.0001
8330 0.0001
8335 0.0001
8371 0.0001
8415 0.0001
8458 0.0001
8503 0.0001
8558 0.0001
8559 0.0001
8623 0.0001
8642 0.0001
8680 0.0001
8706 0.0001
8778 0.0001
8796 0.0001
8801 0.0001
8858 0.0001
8907 0.0001
8914 0.0001
8925 0.0001
9045 0.0001
9092 0.0001
9138 0.0001
9200 0.0001
9241 0.0001
9246 0.0001
9256 0.0001
9266 0.0001
9318 0.0001
9327 0.0001
9329 0.0001
9377 0.0001
9386 0.0001
9396 0.0001
9425 0.0001
9435 0.0001
9579 0.0001
9730 0.0001
9747 0.0001
9835 0.0001
10000 0.0015
